5e-05 0.0001 0.00015000000000000001 0.0002 0.00025 0.00030000000000000003 0.00035 0.0004 0.00045000000000000004 0.0005 0.00055 0.0006000000000000001 0.0006500000000000001 0.0007 0.00075 0.0008 0.0008500000000000001 0.0009000000000000001 0.00095 0.001 0.0010500000000000002 0.0011 0.00115 0.0012000000000000001 0.00125 0.0013000000000000002 0.00135 0.0014 0.0014500000000000001 0.0015 0.0015500000000000002 0.0016 0.00165 0.0017000000000000001 0.00175 0.0018000000000000002 0.00185 0.0019 0.0019500000000000001 0.002 0.00205 0.0021000000000000003 0.00215 0.0022 0.0022500000000000003 0.0023 0.00235 0.0024000000000000002 0.00245 0.0025 0.00255 0.0026000000000000003 0.00265 0.0027 0.0027500000000000003 0.0028 0.00285 0.0029000000000000002 0.00295 0.003 0.00305 0.0031000000000000003 0.00315 0.0032 0.0032500000000000003 0.0033 0.00335 0.0034000000000000002 0.0034500000000000004 0.0035 0.00355 0.0036000000000000003 0.00365 0.0037 0.0037500000000000003 0.0038 0.00385 0.0039000000000000003 0.00395 0.004 0.00405 0.0041 0.00415 0.004200000000000001 0.00425 0.0043 0.004350000000000001 0.0044 0.00445 0.0045000000000000005 0.00455 0.0046 0.0046500000000000005 0.0047 0.00475 0.0048000000000000004 0.00485 0.0049 0.00495 0.005 0.005050000000000001 0.0051 0.00515 0.005200000000000001 0.00525 0.0053 0.005350000000000001 0.0054 0.00545 0.0055000000000000005 0.00555 0.0056 0.0056500000000000005 0.0057 0.00575 0.0058000000000000005 0.00585 0.0059 0.00595 0.006 0.006050000000000001 0.0061 0.00615 0.006200000000000001 0.00625 0.0063 0.006350000000000001 0.0064 0.00645 0.006500000000000001 0.00655 0.0066 0.0066500000000000005 0.0067 0.00675 0.0068000000000000005 0.00685 0.006900000000000001 0.0069500000000000004 0.007 0.007050000000000001 0.0071 0.00715 0.007200000000000001 0.00725 0.0073 0.007350000000000001 0.0074 0.00745 0.007500000000000001 0.00755 0.0076 0.0076500000000000005 0.0077 0.00775 0.0078000000000000005 0.007850000000000001 0.0079 0.00795 0.008 0.00805 0.0081 0.008150000000000001 0.0082 0.00825 0.0083 0.00835 0.008400000000000001 0.008450000000000001 0.0085 0.00855 0.0086 0.00865 0.008700000000000001 0.00875 0.0088 0.00885 0.0089 0.00895 0.009000000000000001 0.00905 0.0091 0.00915 0.0092 0.009250000000000001 0.009300000000000001 0.00935 0.0094 0.00945 0.0095 0.009550000000000001 0.009600000000000001 0.00965 0.0097 0.00975 0.0098 0.009850000000000001 0.0099 0.00995 0.01
5.030350544786099 5.03048017928052 5.030794570043408 5.031079703395142 5.031441915452663 5.031866792318656 5.032289316542693 5.03257009531834 5.032982723870336 5.033419834426505 5.033832316846819 5.034206239455345 5.034553143306844 5.034971044087959 5.035430003442936 5.035772675473248 5.036178491608605 5.03654268804522 5.0369000194658495 5.037263298226903 5.037601446187848 5.037983668763515 5.038243723896936 5.038650557066514 5.038979589664011 5.039293010125393 5.039616332103677 5.040010627642328 5.040297099486473 5.040688364362378 5.040960328786091 5.041283571858747 5.041608469083944 5.041802583255634 5.042138098014996 5.042319101729672 5.042640372099543 5.04289445651145 5.04310572883472 5.043405699831028 5.043591388362509 5.043921753629733 5.044112381227608 5.044306469096013 5.0445722027029625 5.0447485654518465 5.044932094234324 5.045101916369517 5.045297699303283 5.045503714003881 5.04568902260886 5.045763663905506 5.045955969035452 5.046144694074664 5.046235838882491 5.046345755076451 5.046506000093477 5.046638489880302 5.046753546798113 5.046855560480659 5.046882389254294 5.046977441480243 5.047033942658427 5.0471777221655545 5.047216846004621 5.047301654781207 5.047237546222118 5.0473413105002045 5.047453842359675 5.047432046144652 5.047401795056066 5.047424462152074 5.047399316720556 5.047418970692748 5.047481045134071 5.0474497068713875 5.047385054729467 5.047375126890354 5.047355452428689 5.047293731582065 5.047260335860084 5.047095838530074 5.047149592543011 5.0469887922083245 5.0469423181845 5.046862568271452 5.0467586636826 5.046673165160059 5.046486623219236 5.046409480201952 5.046328464835368 5.046185421777655 5.04604922327444 5.045898584560304 5.045652326642082 5.045508725379738 5.045407138351701 5.0452452566900465 5.045039846922863 5.044834095207285 5.044648964850899 5.0444378619970305 5.044204550866697 5.043933097845756 5.043698135491575 5.043491740832125 5.043252727853434 5.042965741603872 5.0427697452907605 5.0424226134521914 5.04218604955197 5.041894933774561 5.041613462331247 5.041338949428433 5.041064819381295 5.040724213538078 5.0404046177415855 5.040114603757635 5.039766641922515 5.039449226331735 5.039161328256577 5.038764224141548 5.0383905820703205 5.0380703608481285 5.037617769650462 5.037249358905265 5.036910909888135 5.036504865762012 5.03609978606893 5.035605984326972 5.035187124922755 5.034759988923603 5.034356908244422 5.033885852523707 5.033480913110225 5.033044690977962 5.032581298121719 5.0322005689167035 5.031760842674516 5.031222589302931 5.030841959464015 5.03034089816292 5.029791118342929 5.029234125733306 5.028750918138932 5.028238193035805 5.027796692820521 5.0272540176589215 5.026745682187768 5.026283697982437 5.025726787199459 5.025130375548746 5.024590152388343 5.02402685880744 5.023587638160283 5.023046207994921 5.022423505296898 5.021838514882603 5.021236594266122 5.020701982354369 5.020038548403465 5.019521910029871 5.018895749979475 5.018296594070831 5.017692288675041 5.0171165626573275 5.0165410295343005 5.015951406906726 5.015392985169485 5.014690211086396 5.014023477602184 5.013390274258029 5.012871932047377 5.0121995493156115 5.0115291480535475 5.010805311317288 5.010124599382457 5.00945653029258 5.008768959190414 5.008064156873403 5.007385946614407 5.006654493776389 5.006031259160556 5.005358128258423 5.004668967295699 5.003917728948288 5.0032603007760095 5.002574868954847 5.0019211757690485 5.001138955717173 5.000425409188881 4.999665166533869 4.99890555514368 4.998207281737351 4.99742394527476 4.996698074451928 4.996026328815912 4.995189928036829 4.994398171779948 4.993638303197403
5e-05 0.0001 0.00015000000000000001 0.0002 0.00025 0.00030000000000000003 0.00035 0.0004 0.00045000000000000004 0.0005 0.00055 0.0006000000000000001 0.0006500000000000001 0.0007 0.00075 0.0008 0.0008500000000000001 0.0009000000000000001 0.00095 0.001 0.0010500000000000002 0.0011 0.00115 0.0012000000000000001 0.00125 0.0013000000000000002 0.00135 0.0014 0.0014500000000000001 0.0015 0.0015500000000000002 0.0016 0.00165 0.0017000000000000001 0.00175 0.0018000000000000002 0.00185 0.0019 0.0019500000000000001 0.002 0.00205 0.0021000000000000003 0.00215 0.0022 0.0022500000000000003 0.0023 0.00235 0.0024000000000000002 0.00245 0.0025 0.00255 0.0026000000000000003 0.00265 0.0027 0.0027500000000000003 0.0028 0.00285 0.0029000000000000002 0.00295 0.003 0.00305 0.0031000000000000003 0.00315 0.0032 0.0032500000000000003 0.0033 0.00335 0.0034000000000000002 0.0034500000000000004 0.0035 0.00355 0.0036000000000000003 0.00365 0.0037 0.0037500000000000003 0.0038 0.00385 0.0039000000000000003 0.00395 0.004 0.00405 0.0041 0.00415 0.004200000000000001 0.00425 0.0043 0.004350000000000001 0.0044 0.00445 0.0045000000000000005 0.00455 0.0046 0.0046500000000000005 0.0047 0.00475 0.0048000000000000004 0.00485 0.0049 0.00495 0.005 0.005050000000000001 0.0051 0.00515 0.005200000000000001 0.00525 0.0053 0.005350000000000001 0.0054 0.00545 0.0055000000000000005 0.00555 0.0056 0.0056500000000000005 0.0057 0.00575 0.0058000000000000005 0.00585 0.0059 0.00595 0.006 0.006050000000000001 0.0061 0.00615 0.006200000000000001 0.00625 0.0063 0.006350000000000001 0.0064 0.00645 0.006500000000000001 0.00655 0.0066 0.0066500000000000005 0.0067 0.00675 0.0068000000000000005 0.00685 0.006900000000000001 0.0069500000000000004 0.007 0.007050000000000001 0.0071 0.00715 0.007200000000000001 0.00725 0.0073 0.007350000000000001 0.0074 0.00745 0.007500000000000001 0.00755 0.0076 0.0076500000000000005 0.0077 0.00775 0.0078000000000000005 0.007850000000000001 0.0079 0.00795 0.008 0.00805 0.0081 0.008150000000000001 0.0082 0.00825 0.0083 0.00835 0.008400000000000001 0.008450000000000001 0.0085 0.00855 0.0086 0.00865 0.008700000000000001 0.00875 0.0088 0.00885 0.0089 0.00895 0.009000000000000001 0.00905 0.0091 0.00915 0.0092 0.009250000000000001 0.009300000000000001 0.00935 0.0094 0.00945 0.0095 0.009550000000000001 0.009600000000000001 0.00965 0.0097 0.00975 0.0098 0.009850000000000001 0.0099 0.00995 0.01
5.026787187280749 5.027017914874288 5.027439688019674 5.027774852092232 5.028236678454893 5.028644137057756 5.029134516503216 5.029587890917756 5.030051745507847 5.030523824084617 5.030993707843049 5.031463612059336 5.031981892856143 5.032362946426916 5.032870337883554 5.033253273560547 5.033724411081026 5.034158853358098 5.034521562228349 5.034926747096476 5.035316419195638 5.035712734193331 5.036092674277201 5.036429507098141 5.036848293403848 5.0372752656976125 5.037563599196802 5.038014135826512 5.038418040630463 5.038701937730695 5.0390436833199965 5.039395950003498 5.039779797503947 5.040036278386507 5.040352659370126 5.040591841820965 5.04092299325245 5.04115414459925 5.0414847202915825 5.041799189942453 5.042036794228602 5.042344869390765 5.0426127919662775 5.042898863430327 5.043088798392498 5.043278692439256 5.043470877746563 5.0437248247996145 5.043857089549147 5.044177328271267 5.044283562082806 5.0445494768806265 5.044674143068326 5.044919264092561 5.045007764017146 5.045104870779016 5.04530073555088 5.045441309043129 5.04558916254663 5.045702983241643 5.045777639157455 5.045874871590848 5.045946578679442 5.046067214696878 5.046156597223705 5.046292523901063 5.046253537390751 5.046346123002826 5.046399801026637 5.0463923748709085 5.046468833990959 5.046510816061096 5.046502635895242 5.046519922620457 5.0465794603154785 5.046614615368359 5.04655115269378 5.046567203189207 5.046557590988722 5.046566922598134 5.04645419490196 5.046361661862873 5.046329867684966 5.0462872835489465 5.046052101994916 5.046062038570468 5.045977343746759 5.045899572385369 5.045836451654173 5.045742279077334 5.045598470316947 5.045462590364393 5.045334268070193 5.045183591365945 5.045057972411459 5.044931055848345 5.044790549544031 5.0445704219344085 5.044406731225072 5.044192086270405 5.044017909537223 5.043784940343935 5.043653929321919 5.043371364860341 5.043183957848781 5.0429562579687275 5.042663876739503 5.042452215688049 5.042221587435517 5.0419487199148145 5.04168962626327 5.041449888497677 5.041156022624861 5.04087819265383 5.040571678085654 5.0402774235163985 5.039928064711837 5.039653741773029 5.039292856526308 5.038995959991376 5.038667324825491 5.038267862226159 5.037925248616564 5.037632835234333 5.037236876759063 5.036833956813839 5.0364214714386195 5.0360506174550626 5.035641907985351 5.0352665065494575 5.034862464357202 5.034319005966536 5.034027890188976 5.033601727398285 5.033114232461558 5.032708471818582 5.032205101724615 5.031834773792431 5.031452875580924 5.030903212665905 5.0304739578360556 5.030023412404324 5.02949682575334 5.028847913841817 5.02845181507025 5.027930635097774 5.0275102004501635 5.026998705725309 5.026412978839045 5.0259379163251925 5.0254456284423155 5.024851908437512 5.024298700497343 5.0237364034969785 5.023267495826995 5.0227126863358755 5.02212851714883 5.021558837848167 5.020933256457958 5.020373981346423 5.01978845317907 5.01921718694701 5.018554442712117 5.018002371622412 5.017531856564134 5.0168637378001995 5.016311295556394 5.015713559994343 5.015101495285956 5.014499001854969 5.013815519366337 5.013156711770367 5.012603930507558 5.011996638283525 5.0113085440488385 5.0105414714597085 5.009886658952484 5.009187692913814 5.0085761571831915 5.007903149023851 5.007186121775456 5.0064398517238535 5.005799847658016 5.005129376249902 5.004511890251552 5.00371056856745 5.003059181256094 5.0023330795585865 5.001687440853588 5.000996435778158 5.000244338201601 4.999527454145925 4.998770852958159 4.998096214024132 4.997314081647473 4.996576158316092 4.995832503921621 4.9950636573406255 4.994295567701508 4.993480013300534
5e-05 0.0001 0.00015000000000000001 0.0002 0.00025 0.00030000000000000003 0.00035 0.0004 0.00045000000000000004 0.0005 0.00055 0.0006000000000000001 0.0006500000000000001 0.0007 0.00075 0.0008 0.0008500000000000001 0.0009000000000000001 0.00095 0.001 0.0010500000000000002 0.0011 0.00115 0.0012000000000000001 0.00125 0.0013000000000000002 0.00135 0.0014 0.0014500000000000001 0.0015 0.0015500000000000002 0.0016 0.00165 0.0017000000000000001 0.00175 0.0018000000000000002 0.00185 0.0019 0.0019500000000000001 0.002 0.00205 0.0021000000000000003 0.00215 0.0022 0.0022500000000000003 0.0023 0.00235 0.0024000000000000002 0.00245 0.0025 0.00255 0.0026000000000000003 0.00265 0.0027 0.0027500000000000003 0.0028 0.00285 0.0029000000000000002 0.00295 0.003 0.00305 0.0031000000000000003 0.00315 0.0032 0.0032500000000000003 0.0033 0.00335 0.0034000000000000002 0.0034500000000000004 0.0035 0.00355 0.0036000000000000003 0.00365 0.0037 0.0037500000000000003 0.0038 0.00385 0.0039000000000000003 0.00395 0.004 0.00405 0.0041 0.00415 0.004200000000000001 0.00425 0.0043 0.004350000000000001 0.0044 0.00445 0.0045000000000000005 0.00455 0.0046 0.0046500000000000005 0.0047 0.00475 0.0048000000000000004 0.00485 0.0049 0.00495 0.005 0.005050000000000001 0.0051 0.00515 0.005200000000000001 0.00525 0.0053 0.005350000000000001 0.0054 0.00545 0.0055000000000000005 0.00555 0.0056 0.0056500000000000005 0.0057 0.00575 0.0058000000000000005 0.00585 0.0059 0.00595 0.006 0.006050000000000001 0.0061 0.00615 0.006200000000000001 0.00625 0.0063 0.006350000000000001 0.0064 0.00645 0.006500000000000001 0.00655 0.0066 0.0066500000000000005 0.0067 0.00675 0.0068000000000000005 0.00685 0.006900000000000001 0.0069500000000000004 0.007 0.007050000000000001 0.0071 0.00715 0.007200000000000001 0.00725 0.0073 0.007350000000000001 0.0074 0.00745 0.007500000000000001 0.00755 0.0076 0.0076500000000000005 0.0077 0.00775 0.0078000000000000005 0.007850000000000001 0.0079 0.00795 0.008 0.00805 0.0081 0.008150000000000001 0.0082 0.00825 0.0083 0.00835 0.008400000000000001 0.008450000000000001 0.0085 0.00855 0.0086 0.00865 0.008700000000000001 0.00875 0.0088 0.00885 0.0089 0.00895 0.009000000000000001 0.00905 0.0091 0.00915 0.0092 0.009250000000000001 0.009300000000000001 0.00935 0.0094 0.00945 0.0095 0.009550000000000001 0.009600000000000001 0.00965 0.0097 0.00975 0.0098 0.009850000000000001 0.0099 0.00995 0.01
0.003563357505351268 0.003462264406234918 0.0033548820237342533 0.003304851302907844 0.0032052369977692056 0.0032226552608958536 0.00315480003947504 0.0029822044005853483 0.0029309783624869466 0.002896010341885892 0.0028386090037700036 0.0027426273960103375 0.0025712504507014225 0.0026080976610427234 0.002559665559380781 0.002519401912703477 0.0024540805275763823 0.0023838346871211053 0.002378457237500023 0.0023365511304264306 0.002285026992207193 0.0022709345701864806 0.002151049619734794 0.0022210499683700145 0.002131296260166154 0.0020177444277801487 0.0020527329068693472 0.00199649181582019 0.0018790588560125342 0.001986426631686341 0.0019166454660986786 0.0018876218552542322 0.0018286715799991765 0.00176630486912656 0.0017854386448714866 0.0017272599087087427 0.0017173788470890015 0.0017403119122017799 0.0016210085431368998 0.0016065098885782796 0.0015545941339060107 0.0015768842389636368 0.0014995892613313337 0.0014076056656874532 0.0014834043104650619 0.0014698730125928701 0.001461216487759422 0.0013770915699005582 0.0014406097541307021 0.0013263857326173086 0.001405460526049443 0.0012141870248775894 0.0012818259671242766 0.0012254299821032077 0.001228074865348769 0.0012408842974376336 0.0012052645425973795 0.0011971808371717782 0.0011643842514885707 0.0011525772390150741 0.0011047500968398441 0.001102569889396546 0.00108736397898974 0.0011105074686759875 0.0010602487809205636 0.001009130880147057 0.0009840088313682333 0.0009951874973792838 0.0010540413330364256 0.0010396712737444846 0.000932961065114716 0.0009136460909792035 0.0008966808253117388 0.0008990480722939514 0.000901584818592009 0.0008350915030294226 0.0008339020356897818 0.0008079237011489102 0.0007978614399655843 0.0007268089839322653 0.0008061409581282206 0.0007341766672019999 0.0008197248580434175 0.0007015086593773042 0.0008902161895809733 0.0008005297009846165 0.0007813199358411896 0.0007735927746908789 0.0006501715650623176 0.0006672011246178875 0.0007299945184272139 0.0007228314132629399 0.00071495520424475 0.0007149931943552444 0.0005943542306220807 0.0005776695313910928 0.000616588807674473 0.0006748347556405204 0.0006331156977914888 0.0006420089368818434 0.0006310553136739237 0.0006529216530924719 0.0005506215447768053 0.0005617329854187029 0.0005141776427940554 0.0005354828633979738 0.0005888511139347705 0.0005135259158254263 0.0005481578552417808 0.00047389353737481573 0.0004964232886988992 0.00044504527688098757 0.000457439706384631 0.0004607567746049549 0.0004931412956410241 0.00044679002167896426 0.00047655302975301787 0.0004608619846028481 0.0004737853962067127 0.00045326634035809877 0.0004940034310824614 0.0004963619153855822 0.00046533345375872657 0.0004375256137955099 0.0003808928913969585 0.0004154020914254276 0.0004894384495193429 0.00045424830695189644 0.00045787808357907513 0.00033947777751777144 0.00032466056555324014 0.0004409829570638736 0.00032901805544280913 0.0002841251254192656 0.0003666806486676322 0.00033621915937473543 0.000376196397102883 0.0003657951242724285 0.00030796709359256856 0.00031937663702461086 0.0003680016279599131 0.0003174857585958318 0.0002942925895928994 0.0003862118914911032 0.00029910306868587833 0.0003075579380330969 0.00028649237035960345 0.00025531193361636893 0.0003327033487198961 0.0003457816572465097 0.00028115875714482524 0.0002784671112326366 0.0002914518909995915 0.0002904553104649329 0.0003201423332868576 0.0003335216590446067 0.00029498814806665056 0.00027967703443800696 0.00030333780816304076 0.0003280010079407702 0.00025009522439287216 0.00030472308286068285 0.0003413072673559015 0.00029422244842142696 0.00016043211091004646 0.0002528248571334757 0.00022973397790456346 0.00023784691238167474 0.00029148988352796837 0.00019120923142677284 0.00020795823584401535 0.00023356248765947396 0.00026800153981708293 0.00020291103208767443 0.00022060400471039793 0.0002638398575810303 0.00023794042997050025 0.000268837378765845 0.00019280200722423762 0.0001610078495566825 0.00019982483895103565 0.00021464205253276234 0.00023141150254360815 0.00022875200852002578 0.00015707704414921864 0.00020716038083879332 0.00020111951991442112 0.000241789396262971 0.00023373491546540976 0.00014251993901414294 0.0001810709872850799 0.0001377123879415739 0.0001347021855185559 0.00011106771321493634 0.0001098636272840636 0.00012191613583241907 0.00019382489429034424 0.00012627069620875156 0.00010260407843938182 0.00015828989686644004
