1e-05 2e-05 3.0000000000000004e-05 4e-05 5e-05 6.000000000000001e-05 7.000000000000001e-05 8e-05 9e-05 0.0001 0.00011 0.00012000000000000002 0.00013000000000000002 0.00014000000000000001 0.00015000000000000001 0.00016 0.00017 0.00018 0.00019 0.0002 0.00021 0.00022 0.00023 0.00024000000000000003 0.00025 0.00026000000000000003 0.00027 0.00028000000000000003 0.00029 0.00030000000000000003 0.00031 0.00032 0.00033000000000000005 0.00034 0.00035000000000000005 0.00036 0.00037000000000000005 0.00038 0.00039000000000000005 0.0004 0.00041000000000000005 0.00042 0.00043000000000000004 0.00044 0.00045000000000000004 0.00046 0.00047000000000000004 0.00048000000000000007 0.0004900000000000001 0.0005 0.00051 0.0005200000000000001 0.0005300000000000001 0.00054 0.00055 0.0005600000000000001 0.0005700000000000001 0.00058 0.00059 0.0006000000000000001 0.0006100000000000001 0.00062 0.00063 0.00064 0.0006500000000000001 0.0006600000000000001 0.00067 0.00068 0.0006900000000000001 0.0007000000000000001 0.00071 0.00072 0.0007300000000000001 0.0007400000000000001 0.00075 0.00076 0.0007700000000000001 0.0007800000000000001 0.00079 0.0008 0.0008100000000000001 0.0008200000000000001 0.0008300000000000001 0.00084 0.0008500000000000001 0.0008600000000000001 0.0008700000000000001 0.00088 0.0008900000000000001 0.0009000000000000001 0.0009100000000000001 0.00092 0.00093 0.0009400000000000001 0.0009500000000000001 0.0009600000000000001 0.00097 0.0009800000000000002 0.00099 0.001 0.00101 0.00102 0.00103 0.0010400000000000001 0.0010500000000000002 0.0010600000000000002 0.00107 0.00108 0.00109 0.0011 0.00111 0.0011200000000000001 0.0011300000000000001 0.0011400000000000002 0.0011500000000000002 0.00116 0.00117 0.00118 0.00119 0.0012000000000000001 0.0012100000000000001 0.0012200000000000002 0.0012300000000000002 0.00124 0.00125 0.00126 0.00127 0.00128 0.0012900000000000001 0.0013000000000000002 0.0013100000000000002 0.0013200000000000002 0.00133 0.00134 0.00135 0.00136 0.0013700000000000001 0.0013800000000000002 0.0013900000000000002 0.0014000000000000002 0.00141 0.00142 0.00143 0.00144 0.0014500000000000001 0.0014600000000000001 0.0014700000000000002 0.0014800000000000002 0.0014900000000000002 0.0015 0.00151 0.00152 0.0015300000000000001 0.0015400000000000001 0.0015500000000000002 0.0015600000000000002 0.0015700000000000002 0.00158 0.00159 0.0016 0.00161 0.0016200000000000001 0.0016300000000000002 0.0016400000000000002 0.0016500000000000002 0.0016600000000000002 0.00167 0.00168 0.00169 0.0017000000000000001 0.0017100000000000001 0.0017200000000000002 0.0017300000000000002 0.0017400000000000002 0.00175 0.00176 0.00177 0.0017800000000000001 0.0017900000000000001 0.0018000000000000002 0.0018100000000000002 0.0018200000000000002 0.0018300000000000002 0.00184 0.00185 0.00186 0.0018700000000000001 0.0018800000000000002 0.0018900000000000002 0.0019000000000000002 0.0019100000000000002 0.0019200000000000003 0.00193 0.00194 0.0019500000000000001 0.0019600000000000004 0.00197 0.00198 0.00199 0.002
0.22082853213416792 0.22051371930574803 0.220235286674736 0.21997089321610247 0.21972244588999507 0.21949436687133175 0.21927411296566732 0.21908797063196916 0.21890541206923086 0.2187115432587797 0.21855587941045804 0.2183993442782482 0.21824479830296298 0.2181179361295969 0.21799084380529063 0.2178492684470681 0.21772513519938932 0.21762023594693494 0.21752621951922854 0.21741499113135646 0.21732044864570224 0.21722759940910932 0.2171427725569026 0.21706897648339168 0.21698883483543424 0.21690665471219922 0.21683297371374255 0.21675850362836993 0.21670006187259408 0.21663762536351408 0.21656190589057972 0.21653075339327452 0.21646440432807015 0.2164321997147576 0.21636272717994914 0.2163302924163663 0.21626959847497113 0.21624378875386965 0.2161803494473555 0.21615437533329904 0.21611903081151151 0.21608689195574096 0.2160497062308507 0.2160161535936007 0.2160049913000419 0.21596127916849614 0.21592772653114115 0.2159159888623698 0.21586801894833035 0.21584326134351098 0.2158198353230406 0.2157964586207361 0.21577424910951826 0.2157658157418726 0.21573895390541328 0.21572646002751322 0.2157073411069362 0.2156885180942297 0.21567295006497061 0.21567342680484022 0.21564883359345377 0.215627807712741 0.21561865101540137 0.21560022254607614 0.21561182870060738 0.21558215574136777 0.21558930684217104 0.2155688398980103 0.21555994622969155 0.21554227396919357 0.21554307949500517 0.2155193575669201 0.2155228262622399 0.2155072746724934 0.21549977834583453 0.21549221626211842 0.21549132853870173 0.21548935582093964 0.21549515889844809 0.2154941067821143 0.21546206656232317 0.2154789826147427 0.2154744289249066 0.21547049992904266 0.2154683956970526 0.21546214875855213 0.21545789097643772 0.21544381892460432 0.21545591825865396 0.21545003298424936 0.21545642787713204 0.21546443382203723 0.2154579896117169 0.2154306345957118 0.21543980773195204 0.21543972553511134 0.21545609909042807 0.2154395282633967 0.21544526558300972 0.21545840059368562 0.21543201549745108 0.21544584095878508 0.21543898576573042 0.21545014805864182 0.21545184130793893 0.21543574722095743 0.21544130370853623 0.21543998856339092 0.21544299695747102 0.2154579567319434 0.21545830195725063 0.21545601689302543 0.21544635057707892 0.21545046040506524 0.21544975351455267 0.21546809978708378 0.21545672378277597 0.2154404488638266 0.21547534952414862 0.2154604390672943 0.21545527712334595 0.2154801498030993 0.2154558196205734 0.21547733868024718 0.2154666202483138 0.21546906970648985 0.21546548593584455 0.21546617638742493 0.2154764180787929 0.21547271923337358 0.21548726802500545 0.215490309297733 0.21547388642424617 0.21549221625786796 0.21548744885741122 0.21549981122016906 0.21549956463075515 0.21549614525319893 0.21548629810525813 0.21551051321251635 0.2155036251407487 0.21549828236378407 0.2155080308761644 0.21548097176762399 0.21552013021009547 0.21550645270183794 0.21549560275553534 0.21551541212751593 0.21552606480136335 0.2155136531206686 0.2155154778841792 0.21550809663296755 0.2155069951991505 0.21552016308808622 0.21552719911383583 0.21551572447381792 0.21552473321733273 0.21551325857667755 0.21553757231987036 0.2155287279697364 0.21554209313085967 0.21553489271168966 0.21553543520935656 0.2155329528728251 0.21553956147672806 0.2155415999514238 0.21553462968300427 0.21555027990846443 0.21553975874822648 0.21553647088573968 0.21553795042405915 0.21553975874842754 0.21553091439842567 0.21554572621830437 0.21554863597698018 0.21555062513358392 0.2155512662663166 0.21553142401678407 0.21555411026764562 0.2155412054076017 0.21553579687395547 0.2155332816590139 0.21553791754526774 0.21555473496152736 0.21555333762014398 0.21555054293698486 0.21555004975747682 0.21555427466072358 0.215535533844834 0.21555113475204313 0.21554516728160888 0.21554909627765395 0.2155305856112455 0.21555611586364257 0.2155454467499546 0.21553627361362407 0.21555264716866468 0.21553042121842136 0.2155452165995062 0.2155400710949235
1e-05 2e-05 3.0000000000000004e-05 4e-05 5e-05 6.000000000000001e-05 7.000000000000001e-05 8e-05 9e-05 0.0001 0.00011 0.00012000000000000002 0.00013000000000000002 0.00014000000000000001 0.00015000000000000001 0.00016 0.00017 0.00018 0.00019 0.0002 0.00021 0.00022 0.00023 0.00024000000000000003 0.00025 0.00026000000000000003 0.00027 0.00028000000000000003 0.00029 0.00030000000000000003 0.00031 0.00032 0.00033000000000000005 0.00034 0.00035000000000000005 0.00036 0.00037000000000000005 0.00038 0.00039000000000000005 0.0004 0.00041000000000000005 0.00042 0.00043000000000000004 0.00044 0.00045000000000000004 0.00046 0.00047000000000000004 0.00048000000000000007 0.0004900000000000001 0.0005 0.00051 0.0005200000000000001 0.0005300000000000001 0.00054 0.00055 0.0005600000000000001 0.0005700000000000001 0.00058 0.00059 0.0006000000000000001 0.0006100000000000001 0.00062 0.00063 0.00064 0.0006500000000000001 0.0006600000000000001 0.00067 0.00068 0.0006900000000000001 0.0007000000000000001 0.00071 0.00072 0.0007300000000000001 0.0007400000000000001 0.00075 0.00076 0.0007700000000000001 0.0007800000000000001 0.00079 0.0008 0.0008100000000000001 0.0008200000000000001 0.0008300000000000001 0.00084 0.0008500000000000001 0.0008600000000000001 0.0008700000000000001 0.00088 0.0008900000000000001 0.0009000000000000001 0.0009100000000000001 0.00092 0.00093 0.0009400000000000001 0.0009500000000000001 0.0009600000000000001 0.00097 0.0009800000000000002 0.00099 0.001 0.00101 0.00102 0.00103 0.0010400000000000001 0.0010500000000000002 0.0010600000000000002 0.00107 0.00108 0.00109 0.0011 0.00111 0.0011200000000000001 0.0011300000000000001 0.0011400000000000002 0.0011500000000000002 0.00116 0.00117 0.00118 0.00119 0.0012000000000000001 0.0012100000000000001 0.0012200000000000002 0.0012300000000000002 0.00124 0.00125 0.00126 0.00127 0.00128 0.0012900000000000001 0.0013000000000000002 0.0013100000000000002 0.0013200000000000002 0.00133 0.00134 0.00135 0.00136 0.0013700000000000001 0.0013800000000000002 0.0013900000000000002 0.0014000000000000002 0.00141 0.00142 0.00143 0.00144 0.0014500000000000001 0.0014600000000000001 0.0014700000000000002 0.0014800000000000002 0.0014900000000000002 0.0015 0.00151 0.00152 0.0015300000000000001 0.0015400000000000001 0.0015500000000000002 0.0015600000000000002 0.0015700000000000002 0.00158 0.00159 0.0016 0.00161 0.0016200000000000001 0.0016300000000000002 0.0016400000000000002 0.0016500000000000002 0.0016600000000000002 0.00167 0.00168 0.00169 0.0017000000000000001 0.0017100000000000001 0.0017200000000000002 0.0017300000000000002 0.0017400000000000002 0.00175 0.00176 0.00177 0.0017800000000000001 0.0017900000000000001 0.0018000000000000002 0.0018100000000000002 0.0018200000000000002 0.0018300000000000002 0.00184 0.00185 0.00186 0.0018700000000000001 0.0018800000000000002 0.0018900000000000002 0.0019000000000000002 0.0019100000000000002 0.0019200000000000003 0.00193 0.00194 0.0019500000000000001 0.0019600000000000004 0.00197 0.00198 0.00199 0.002
0.2199592541839105 0.2196977376046113 0.21944767922515213 0.2192270965333606 0.21901711719720365 0.21882551701217534 0.21863845407738527 0.21844908963828394 0.21829197913011897 0.21814649121557825 0.21801126143228086 0.2178752754402388 0.2177359522675159 0.2176261705395201 0.2175165038864378 0.21741277182487354 0.21729350461328978 0.2172157795441793 0.2171227987934695 0.21704277222018029 0.2169517641864181 0.21688446164144384 0.21678776560547092 0.21673014581529962 0.21667675092848437 0.21659697094486705 0.21653678662210904 0.21649631303448996 0.21643326827111772 0.21636616299746483 0.21632633054311018 0.2162765523048942 0.2162324127510541 0.21618130292832863 0.2161501339917634 0.21610975904020274 0.21607642011435782 0.21602164432497448 0.2159994676925641 0.21597288532411021 0.2159303897009826 0.21592190701552183 0.21586826553870989 0.2158545387129584 0.21582567128020108 0.21579049115109467 0.2157757286483881 0.2157624950017429 0.21573504135004334 0.21572082134414106 0.2156865782563308 0.2156789997331475 0.21565596825617647 0.2156437867259118 0.21563765486186381 0.215620410022716 0.21560372412053427 0.21558284619374943 0.21557181541465212 0.2155633162900771 0.21554039988849386 0.21552987872848636 0.21552529216018837 0.2155168423532073 0.2155073897484422 0.2155085898181161 0.21549321906103852 0.21547457688076366 0.21547686194452112 0.21547580982870826 0.21545961710565417 0.21544825754060193 0.21546206656303962 0.21544151742231665 0.21544210923739476 0.21543181822778437 0.2154290071053485 0.21543443207820465 0.215419439425514 0.2154292208158504 0.21541682557425842 0.21541797632629175 0.21542358213159057 0.2154159378513685 0.21541210749141318 0.21540883606826383 0.21539872589114273 0.21541121976797598 0.2154177626145883 0.21540627153493705 0.21542328622318485 0.2154247164433642 0.21540260556810542 0.215408441523767 0.21541784481066015 0.21540092875802816 0.21540829356989805 0.21540941144325695 0.2154236972055288 0.2154164310290937 0.21541662830143016 0.2154082278121887 0.2154268206748549 0.2154108416628983 0.21542103403652513 0.2154272974143412 0.21540768531498922 0.21542333554014564 0.2154259000729539 0.21542348349393883 0.2154224149386073 0.21542705082431216 0.2154303058082573 0.21543714456230928 0.2154429312002307 0.2154353691164436 0.21542976331139294 0.21543984060923943 0.21543760486266927 0.21544906306339362 0.21543793364907282 0.21545256463696313 0.2154397584126556 0.21543490881542976 0.21545064123729005 0.21546180353018313 0.215462888525071 0.21544988502863943 0.2154549318976699 0.215455605909519 0.21546867516270876 0.21544745201039436 0.21547031909392197 0.21547222605382446 0.21546951356727498 0.21548195812710316 0.2154854597005631 0.21548123479713713 0.21549438624712414 0.21549024354057333 0.2154797059408419 0.21548771188641505 0.21548947089240839 0.2154832897112161 0.21549450132224296 0.21550056742838763 0.21550482521011427 0.2154790154893714 0.21549196966810896 0.2154933505700103 0.2155205576322562 0.21551215714371047 0.215514146300495 0.2155183547639743 0.21553037190159569 0.2155105296516517 0.21551149957117155 0.21550528551078912 0.21551061184812303 0.21551820681041406 0.2155278073687055 0.21551671083282267 0.2155264593452423 0.2155045293023965 0.2155295334962919 0.21551667795396295 0.21552335231486452 0.2155183876425216 0.21553328165967925 0.2155221193666959 0.215533511809818 0.21551641492524837 0.21552330299674566 0.2155286128945401 0.21553055273353325 0.21552172482284931 0.21553515574144344 0.21552617987638517 0.21553375839956973 0.21553568179860857 0.21552979652512125 0.21553155553146602 0.21554725507500155 0.21554194517658937 0.2155285635768579 0.21553004311442775 0.2155426685068346 0.21553535301238422 0.2155354845269783 0.21552391125141715 0.21554564402233095 0.21554667969870933 0.2155334953701989 0.2155428000212041 0.21554835650853238 0.21555069089120243 0.21552780736804494 0.2155445919064467 0.21553757231931656 0.21554533167508869
1e-05 2e-05 3.0000000000000004e-05 4e-05 5e-05 6.000000000000001e-05 7.000000000000001e-05 8e-05 9e-05 0.0001 0.00011 0.00012000000000000002 0.00013000000000000002 0.00014000000000000001 0.00015000000000000001 0.00016 0.00017 0.00018 0.00019 0.0002 0.00021 0.00022 0.00023 0.00024000000000000003 0.00025 0.00026000000000000003 0.00027 0.00028000000000000003 0.00029 0.00030000000000000003 0.00031 0.00032 0.00033000000000000005 0.00034 0.00035000000000000005 0.00036 0.00037000000000000005 0.00038 0.00039000000000000005 0.0004 0.00041000000000000005 0.00042 0.00043000000000000004 0.00044 0.00045000000000000004 0.00046 0.00047000000000000004 0.00048000000000000007 0.0004900000000000001 0.0005 0.00051 0.0005200000000000001 0.0005300000000000001 0.00054 0.00055 0.0005600000000000001 0.0005700000000000001 0.00058 0.00059 0.0006000000000000001 0.0006100000000000001 0.00062 0.00063 0.00064 0.0006500000000000001 0.0006600000000000001 0.00067 0.00068 0.0006900000000000001 0.0007000000000000001 0.00071 0.00072 0.0007300000000000001 0.0007400000000000001 0.00075 0.00076 0.0007700000000000001 0.0007800000000000001 0.00079 0.0008 0.0008100000000000001 0.0008200000000000001 0.0008300000000000001 0.00084 0.0008500000000000001 0.0008600000000000001 0.0008700000000000001 0.00088 0.0008900000000000001 0.0009000000000000001 0.0009100000000000001 0.00092 0.00093 0.0009400000000000001 0.0009500000000000001 0.0009600000000000001 0.00097 0.0009800000000000002 0.00099 0.001 0.00101 0.00102 0.00103 0.0010400000000000001 0.0010500000000000002 0.0010600000000000002 0.00107 0.00108 0.00109 0.0011 0.00111 0.0011200000000000001 0.0011300000000000001 0.0011400000000000002 0.0011500000000000002 0.00116 0.00117 0.00118 0.00119 0.0012000000000000001 0.0012100000000000001 0.0012200000000000002 0.0012300000000000002 0.00124 0.00125 0.00126 0.00127 0.00128 0.0012900000000000001 0.0013000000000000002 0.0013100000000000002 0.0013200000000000002 0.00133 0.00134 0.00135 0.00136 0.0013700000000000001 0.0013800000000000002 0.0013900000000000002 0.0014000000000000002 0.00141 0.00142 0.00143 0.00144 0.0014500000000000001 0.0014600000000000001 0.0014700000000000002 0.0014800000000000002 0.0014900000000000002 0.0015 0.00151 0.00152 0.0015300000000000001 0.0015400000000000001 0.0015500000000000002 0.0015600000000000002 0.0015700000000000002 0.00158 0.00159 0.0016 0.00161 0.0016200000000000001 0.0016300000000000002 0.0016400000000000002 0.0016500000000000002 0.0016600000000000002 0.00167 0.00168 0.00169 0.0017000000000000001 0.0017100000000000001 0.0017200000000000002 0.0017300000000000002 0.0017400000000000002 0.00175 0.00176 0.00177 0.0017800000000000001 0.0017900000000000001 0.0018000000000000002 0.0018100000000000002 0.0018200000000000002 0.0018300000000000002 0.00184 0.00185 0.00186 0.0018700000000000001 0.0018800000000000002 0.0018900000000000002 0.0019000000000000002 0.0019100000000000002 0.0019200000000000003 0.00193 0.00194 0.0019500000000000001 0.0019600000000000004 0.00197 0.00198 0.00199 0.002
0.0008692779502574265 0.0008159817011367307 0.0007876074495839033 0.0007437966827420915 0.0007053286927914609 0.0006688498591566599 0.0006356588882820747 0.0006388809936851317 0.0006134329391118183 0.0005650520432012891 0.0005446179781772304 0.000524068838009457 0.0005088460354470742 0.000491765590076695 0.0004743399188527508 0.00043649662219455134 0.0004316305860996919 0.0004044564027557937 0.0004034207257590873 0.00037221891117621267 0.00036868445928422863 0.0003431377676654467 0.0003550069514314041 0.00033883066809214924 0.00031208390694992895 0.00030968376733197877 0.00029618709163347446 0.00026219059387988866 0.00026679360147627295 0.0002714623660491105 0.0002355753474694559 0.0002542010883805688 0.00023199157701611641 0.0002508967864292371 0.00021259318818549205 0.00022053337616354242 0.0001931783606135144 0.00022214442889534694 0.00018088175479148415 0.00018149000918879092 0.0001886411105289352 0.00016498494021905622 0.00018144069214076717 0.00016161488064251779 0.0001793200198407533 0.00017078801740148816 0.00015199788275292554 0.00015349386062700186 0.00013297759828728077 0.00012243999936995177 0.00013325706670988706 0.00011745888758856562 0.00011828085334166914 0.00012202901596087548 0.00010129904354920373 0.00010605000479735624 0.00010361698640193171 0.00010567190048036474 0.00010113465031837109 0.00011011051476304975 0.00010843370495969369 9.792898425447357e-05 9.335885521308858e-05 8.338019286880486e-05 0.00010443895216516142 7.356592325153268e-05 9.608778113247743e-05 9.426301724665387e-05 8.308428517048799e-05 6.646414048530331e-05 8.346238935094411e-05 7.110002631822776e-05 6.075969920048832e-05 6.575725017690364e-05 5.7669108439948325e-05 6.039803433399746e-05 6.232143335317939e-05 5.492374273498453e-05 7.571947293419465e-05 6.488596626388341e-05 4.524098806489464e-05 6.1006288450783656e-05 5.0846793316153154e-05 5.456207767415638e-05 5.6288205639152334e-05 5.3312690288098865e-05 5.916508529512921e-05 3.259915662838756e-05 3.815564406567552e-05 4.376144931235548e-05 3.314165394702653e-05 3.9717378672915737e-05 5.5384043611477335e-05 2.2193071944748172e-05 2.1962921291859832e-05 3.8796777083419536e-05 4.780552052997293e-05 3.0116820139838435e-05 2.1568377481012554e-05 4.196956459173286e-05 1.5387196020976425e-05 3.761314659646854e-05 1.2165090875426568e-05 3.930639574363694e-05 3.080727141342025e-05 8.449806616609021e-06 3.361839354702204e-05 1.665302324505943e-05 1.7096884516959876e-05 3.447323800462835e-05 3.588701864323376e-05 2.8966068713308115e-05 1.6044768821487384e-05 1.3315842755535366e-05 6.822314321655596e-06 3.273067064011507e-05 2.6960471383057614e-05 6.082545871366479e-07 3.7744661479328496e-05 1.1376003900553252e-05 1.734347427303982e-05 2.7585166136061e-05 1.606120791759592e-05 4.2429864817583055e-05 1.5979011023803124e-05 7.2661763068555755e-06 2.5974107736632957e-06 1.629135878544338e-05 2.1486181123039222e-05 1.7113323854618534e-05 1.8592862296770555e-05 4.285728733872993e-05 3.5673303240736686e-06 1.9990204043408854e-05 1.7935290136658646e-05 1.785309306598023e-05 1.4104930192017773e-05 1.4910456061897314e-05 -8.088141866060824e-06 2.0269671943034104e-05 2.3919199906643464e-05 1.057047736918699e-05 1.855998375609041e-05 -2.317943592197452e-06 2.562888785258885e-05 5.885273450090268e-06 -9.222454578984852e-06 3.6396638144476106e-05 3.4095133254409004e-05 2.0302550658193438e-05 -5.0797480769484975e-06 -4.060510743115344e-06 -7.151101344427395e-06 1.8083241118775653e-06 -3.1727877601828126e-06 5.194822166226252e-06 1.3233646161262983e-05 7.973065888386713e-06 2.6960471747307284e-05 1.0521159322386542e-05 1.428576215406665e-05 1.8181878867196834e-05 8.975864114183917e-06 2.8423570428414287e-05 1.0027980435968205e-05 2.4921997460589125e-05 1.1277368139770435e-05 3.189226594293813e-05 6.477088547247049e-06 1.4351519043664659e-05 4.438614241079872e-06 2.33438231791948e-05 7.611401680154559e-06 1.711332376434948e-05 1.8083243447020307e-05 2.8900310734479727e-05 1.611052487325098e-05 5.2441403990100035e-06 2.035186807603605e-05 5.523608993324449e-06 6.000348834294409e-06 1.7261275478364026e-06 -9.337529733611662e-06 1.2789784937910779e-05 2.477404328600788e-05 2.049982255713887e-05 7.381250641906308e-06 1.8921648339370587e-05 4.931785573911806e-08 2.7223500626081938e-05 -4.7674072215287356e-07 2.41657894462941e-06 -2.9097589532675664e-06 1.3315842438300231e-05 -2.9097585777587684e-06 -1.441727757824709e-05 2.4839800619712193e-05 -1.4170688025424426e-05 7.64428018954809e-06 -5.260580165234721e-06
2600.0 2600.6006006006005 2601.201201201201 2601.801801801802 2602.4024024024025 2603.003003003003 2603.6036036036035 2604.2042042042044 2604.804804804805 2605.4054054054054 2606.006006006006 2606.6066066066064 2607.2072072072074 2607.807807807808 2608.4084084084084 2609.009009009009 2609.60960960961 2610.2102102102103 2610.810810810811 2611.4114114114113 2612.012012012012 2612.612612612613 2613.2132132132133 2613.813813813814 2614.4144144144143 2615.015015015015 2615.6156156156158 2616.2162162162163 2616.8168168168168 2617.4174174174173 2618.018018018018 2618.6186186186187 2619.219219219219 2619.8198198198197 2620.42042042042 2621.021021021021 2621.6216216216217 2622.222222222222 2622.8228228228227 2623.4234234234236 2624.024024024024 2624.6246246246246 2625.225225225225 2625.8258258258256 2626.4264264264266 2627.027027027027 2627.6276276276276 2628.228228228228 2628.828828828829 2629.4294294294295 2630.03003003003 2630.6306306306305 2631.231231231231 2631.831831831832 2632.4324324324325 2633.033033033033 2633.6336336336335 2634.2342342342345 2634.834834834835 2635.4354354354355 2636.036036036036 2636.6366366366365 2637.2372372372374 2637.837837837838 2638.4384384384384 2639.039039039039 2639.6396396396394 2640.2402402402404 2640.840840840841 2641.4414414414414 2642.042042042042 2642.642642642643 2643.2432432432433 2643.843843843844 2644.4444444444443 2645.045045045045 2645.645645645646 2646.2462462462463 2646.846846846847 2647.4474474474473 2648.0480480480483 2648.6486486486488 2649.2492492492493 2649.8498498498498 2650.4504504504503 2651.051051051051 2651.6516516516517 2652.252252252252 2652.8528528528527 2653.4534534534537 2654.054054054054 2654.6546546546547 2655.255255255255 2655.8558558558557 2656.4564564564566 2657.057057057057 2657.6576576576576 2658.258258258258 2658.8588588588586 2659.4594594594596 2660.06006006006 2660.6606606606606 2661.261261261261 2661.861861861862 2662.4624624624626 2663.063063063063 2663.6636636636636 2664.264264264264 2664.864864864865 2665.4654654654655 2666.066066066066 2666.6666666666665 2667.2672672672675 2667.867867867868 2668.4684684684685 2669.069069069069 2669.6696696696695 2670.2702702702704 2670.870870870871 2671.4714714714714 2672.072072072072 2672.672672672673 2673.2732732732734 2673.873873873874 2674.4744744744744 2675.075075075075 2675.675675675676 2676.2762762762763 2676.876876876877 2677.4774774774774 2678.078078078078 2678.678678678679 2679.2792792792793 2679.87987987988 2680.4804804804803 2681.0810810810813 2681.6816816816818 2682.2822822822823 2682.8828828828828 2683.4834834834833 2684.084084084084 2684.6846846846847 2685.285285285285 2685.8858858858857 2686.4864864864867 2687.087087087087 2687.6876876876877 2688.288288288288 2688.8888888888887 2689.4894894894896 2690.09009009009 2690.6906906906906 2691.291291291291 2691.891891891892 2692.4924924924926 2693.093093093093 2693.6936936936936 2694.294294294294 2694.894894894895 2695.4954954954956 2696.096096096096 2696.6966966966966 2697.2972972972975 2697.897897897898 2698.4984984984985 2699.099099099099 2699.6996996996995 2700.3003003003005 2700.900900900901 2701.5015015015015 2702.102102102102 2702.7027027027025 2703.3033033033034 2703.903903903904 2704.5045045045044 2705.105105105105 2705.705705705706 2706.3063063063064 2706.906906906907 2707.5075075075074 2708.108108108108 2708.708708708709 2709.3093093093094 2709.90990990991 2710.5105105105104 2711.1111111111113 2711.711711711712 2712.3123123123123 2712.912912912913 2713.5135135135133 2714.1141141141143 2714.714714714715 2715.3153153153153 2715.915915915916 2716.5165165165167 2717.1171171171172 2717.7177177177177 2718.3183183183182 2718.9189189189187 2719.5195195195197 2720.12012012012 2720.7207207207207 2721.321321321321 2721.921921921922 2722.5225225225226 2723.123123123123 2723.7237237237237 2724.324324324324 2724.924924924925 2725.5255255255256 2726.126126126126 2726.7267267267266 2727.327327327327 2727.927927927928 2728.5285285285286 2729.129129129129 2729.7297297297296 2730.3303303303305 2730.930930930931 2731.5315315315315 2732.132132132132 2732.7327327327325 2733.3333333333335 2733.933933933934 2734.5345345345345 2735.135135135135 2735.735735735736 2736.3363363363364 2736.936936936937 2737.5375375375374 2738.138138138138 2738.738738738739 2739.3393393393394 2739.93993993994 2740.5405405405404 2741.141141141141 2741.741741741742 2742.3423423423424 2742.942942942943 2743.5435435435434 2744.1441441441443 2744.744744744745 2745.3453453453453 2745.945945945946 2746.546546546547 2747.1471471471473 2747.747747747748 2748.3483483483483 2748.948948948949 2749.5495495495497 2750.1501501501502 2750.7507507507507 2751.3513513513512 2751.9519519519517 2752.5525525525527 2753.153153153153 2753.7537537537537 2754.354354354354 2754.954954954955 2755.5555555555557 2756.156156156156 2756.7567567567567 2757.357357357357 2757.957957957958 2758.5585585585586 2759.159159159159 2759.7597597597596 2760.3603603603606 2760.960960960961 2761.5615615615616 2762.162162162162 2762.7627627627626 2763.3633633633635 2763.963963963964 2764.5645645645645 2765.165165165165 2765.7657657657655 2766.3663663663665 2766.966966966967 2767.5675675675675 2768.168168168168 2768.768768768769 2769.3693693693695 2769.96996996997 2770.5705705705705 2771.1711711711714 2771.771771771772 2772.3723723723724 2772.972972972973 2773.5735735735734 2774.1741741741744 2774.774774774775 2775.3753753753754 2775.975975975976 2776.5765765765764 2777.1771771771773 2777.777777777778 2778.3783783783783 2778.978978978979 2779.57957957958 2780.1801801801803 2780.780780780781 2781.3813813813813 2781.981981981982 2782.5825825825827 2783.1831831831832 2783.7837837837837 2784.3843843843842 2784.984984984985 2785.5855855855857 2786.186186186186 2786.7867867867867 2787.387387387387 2787.987987987988 2788.5885885885887 2789.189189189189 2789.7897897897897 2790.39039039039 2790.990990990991 2791.5915915915916 2792.192192192192 2792.7927927927926 2793.3933933933936 2793.993993993994 2794.5945945945946 2795.195195195195 2795.795795795796 2796.3963963963965 2796.996996996997 2797.5975975975975 2798.198198198198 2798.798798798799 2799.3993993993995 2800.0 2800.6006006006005 2801.201201201201 2801.801801801802 2802.4024024024025 2803.003003003003 2803.6036036036035 2804.2042042042044 2804.804804804805 2805.4054054054054 2806.006006006006 2806.6066066066064 2807.2072072072074 2807.807807807808 2808.4084084084084 2809.009009009009 2809.60960960961 2810.2102102102103 2810.810810810811 2811.4114114114113 2812.012012012012 2812.612612612613 2813.2132132132133 2813.813813813814 2814.4144144144143 2815.015015015015 2815.6156156156158 2816.2162162162163 2816.8168168168168 2817.4174174174173 2818.018018018018 2818.6186186186187 2819.219219219219 2819.8198198198197 2820.42042042042 2821.021021021021 2821.6216216216217 2822.222222222222 2822.8228228228227 2823.4234234234236 2824.024024024024 2824.6246246246246 2825.225225225225 2825.8258258258256 2826.4264264264266 2827.027027027027 2827.6276276276276 2828.228228228228 2828.8288288288286 2829.4294294294295 2830.03003003003 2830.6306306306305 2831.231231231231 2831.831831831832 2832.4324324324325 2833.033033033033 2833.6336336336335 2834.2342342342345 2834.834834834835 2835.4354354354355 2836.036036036036 2836.6366366366365 2837.2372372372374 2837.837837837838 2838.4384384384384 2839.039039039039 2839.6396396396394 2840.2402402402404 2840.840840840841 2841.4414414414414 2842.042042042042 2842.642642642643 2843.2432432432433 2843.843843843844 2844.4444444444443 2845.045045045045 2845.645645645646 2846.2462462462463 2846.846846846847 2847.4474474474473 2848.0480480480483 2848.6486486486488 2849.2492492492493 2849.8498498498498 2850.4504504504503 2851.051051051051 2851.6516516516517 2852.252252252252 2852.8528528528527 2853.453453453453 2854.054054054054 2854.6546546546547 2855.255255255255 2855.8558558558557 2856.4564564564566 2857.057057057057 2857.6576576576576 2858.258258258258 2858.858858858859 2859.4594594594596 2860.06006006006 2860.6606606606606 2861.261261261261 2861.861861861862 2862.4624624624626 2863.063063063063 2863.6636636636636 2864.264264264264 2864.864864864865 2865.4654654654655 2866.066066066066 2866.6666666666665 2867.267267267267 2867.867867867868 2868.4684684684685 2869.069069069069 2869.66966966967 2870.2702702702704 2870.870870870871 2871.4714714714714 2872.072072072072 2872.672672672673 2873.2732732732734 2873.873873873874 2874.4744744744744 2875.075075075075 2875.675675675676 2876.2762762762763 2876.876876876877 2877.4774774774774 2878.078078078078 2878.678678678679 2879.2792792792793 2879.87987987988 2880.4804804804803 2881.0810810810813 2881.6816816816818 2882.2822822822823 2882.8828828828828 2883.4834834834837 2884.084084084084 2884.6846846846847 2885.285285285285 2885.8858858858857 2886.4864864864867 2887.087087087087 2887.6876876876877 2888.288288288288 2888.8888888888887 2889.4894894894896 2890.09009009009 2890.6906906906906 2891.291291291291 2891.8918918918916 2892.4924924924926 2893.093093093093 2893.6936936936936 2894.294294294294 2894.894894894895 2895.4954954954956 2896.096096096096 2896.6966966966966 2897.2972972972975 2897.897897897898 2898.4984984984985 2899.099099099099 2899.6996996996995 2900.3003003003005 2900.900900900901 2901.5015015015015 2902.102102102102 2902.7027027027025 2903.3033033033034 2903.903903903904 2904.5045045045044 2905.105105105105 2905.705705705706 2906.3063063063064 2906.906906906907 2907.5075075075074 2908.1081081081084 2908.708708708709 2909.3093093093094 2909.90990990991 2910.5105105105104 2911.1111111111113 2911.711711711712 2912.3123123123123 2912.912912912913 2913.5135135135133 2914.1141141141143 2914.714714714715 2915.3153153153153 2915.915915915916 2916.5165165165163 2917.1171171171172 2917.7177177177177 2918.3183183183182 2918.9189189189187 2919.5195195195197 2920.12012012012 2920.7207207207207 2921.321321321321 2921.921921921922 2922.5225225225226 2923.123123123123 2923.7237237237237 2924.324324324324 2924.924924924925 2925.5255255255256 2926.126126126126 2926.7267267267266 2927.327327327327 2927.927927927928 2928.5285285285286 2929.129129129129 2929.7297297297296 2930.3303303303305 2930.930930930931 2931.5315315315315 2932.132132132132 2932.732732732733 2933.3333333333335 2933.933933933934 2934.5345345345345 2935.135135135135 2935.735735735736 2936.3363363363364 2936.936936936937 2937.5375375375374 2938.138138138138 2938.738738738739 2939.3393393393394 2939.93993993994 2940.5405405405404 2941.141141141141 2941.741741741742 2942.3423423423424 2942.942942942943 2943.5435435435434 2944.1441441441443 2944.744744744745 2945.3453453453453 2945.945945945946 2946.546546546547 2947.1471471471473 2947.747747747748 2948.3483483483483 2948.948948948949 2949.5495495495497 2950.1501501501502 2950.7507507507507 2951.3513513513512 2951.9519519519517 2952.5525525525527 2953.153153153153 2953.7537537537537 2954.354354354354 2954.954954954955 2955.5555555555557 2956.156156156156 2956.7567567567567 2957.3573573573576 2957.957957957958 2958.5585585585586 2959.159159159159 2959.7597597597596 2960.3603603603606 2960.960960960961 2961.5615615615616 2962.162162162162 2962.7627627627626 2963.3633633633635 2963.963963963964 2964.5645645645645 2965.165165165165 2965.7657657657655 2966.3663663663665 2966.966966966967 2967.5675675675675 2968.168168168168 2968.768768768769 2969.3693693693695 2969.96996996997 2970.5705705705705 2971.1711711711714 2971.771771771772 2972.3723723723724 2972.972972972973 2973.5735735735734 2974.1741741741744 2974.774774774775 2975.3753753753754 2975.975975975976 2976.5765765765764 2977.1771771771773 2977.777777777778 2978.3783783783783 2978.978978978979 2979.5795795795793 2980.1801801801803 2980.780780780781 2981.3813813813813 2981.981981981982 2982.5825825825827 2983.1831831831832 2983.7837837837837 2984.3843843843842 2984.984984984985 2985.5855855855857 2986.186186186186 2986.7867867867867 2987.387387387387 2987.987987987988 2988.5885885885887 2989.189189189189 2989.7897897897897 2990.39039039039 2990.990990990991 2991.5915915915916 2992.192192192192 2992.7927927927926 2993.3933933933936 2993.993993993994 2994.5945945945946 2995.195195195195 2995.795795795796 2996.3963963963965 2996.996996996997 2997.5975975975975 2998.198198198198 2998.798798798799 2999.3993993993995 3000.0 3000.6006006006005 3001.201201201201 3001.801801801802 3002.4024024024025 3003.003003003003 3003.6036036036035 3004.204204204204 3004.804804804805 3005.4054054054054 3006.006006006006 3006.6066066066064 3007.2072072072074 3007.807807807808 3008.4084084084084 3009.009009009009 3009.60960960961 3010.2102102102103 3010.810810810811 3011.4114114114113 3012.012012012012 3012.612612612613 3013.2132132132133 3013.813813813814 3014.4144144144143 3015.015015015015 3015.6156156156158 3016.2162162162163 3016.8168168168168 3017.4174174174173 3018.018018018018 3018.6186186186187 3019.219219219219 3019.8198198198197 3020.4204204204207 3021.021021021021 3021.6216216216217 3022.222222222222 3022.8228228228227 3023.4234234234236 3024.024024024024 3024.6246246246246 3025.225225225225 3025.8258258258256 3026.4264264264266 3027.027027027027 3027.6276276276276 3028.228228228228 3028.8288288288286 3029.4294294294295 3030.03003003003 3030.6306306306305 3031.231231231231 3031.831831831832 3032.4324324324325 3033.033033033033 3033.6336336336335 3034.2342342342345 3034.834834834835 3035.4354354354355 3036.036036036036 3036.6366366366365 3037.2372372372374 3037.837837837838 3038.4384384384384 3039.039039039039 3039.6396396396394 3040.2402402402404 3040.840840840841 3041.4414414414414 3042.042042042042 3042.642642642643 3043.2432432432433 3043.843843843844 3044.4444444444443 3045.0450450450453 3045.645645645646 3046.2462462462463 3046.846846846847 3047.4474474474473 3048.0480480480483 3048.6486486486488 3049.2492492492493 3049.8498498498498 3050.4504504504503 3051.051051051051 3051.6516516516517 3052.252252252252 3052.8528528528527 3053.453453453453 3054.054054054054 3054.6546546546547 3055.255255255255 3055.8558558558557 3056.4564564564566 3057.057057057057 3057.6576576576576 3058.258258258258 3058.858858858859 3059.4594594594596 3060.06006006006 3060.6606606606606 3061.261261261261 3061.861861861862 3062.4624624624626 3063.063063063063 3063.6636636636636 3064.264264264264 3064.864864864865 3065.4654654654655 3066.066066066066 3066.6666666666665 3067.2672672672675 3067.867867867868 3068.4684684684685 3069.069069069069 3069.66966966967 3070.2702702702704 3070.870870870871 3071.4714714714714 3072.072072072072 3072.672672672673 3073.2732732732734 3073.873873873874 3074.4744744744744 3075.075075075075 3075.675675675676 3076.2762762762763 3076.876876876877 3077.4774774774774 3078.078078078078 3078.678678678679 3079.2792792792793 3079.87987987988 3080.4804804804803 3081.0810810810813 3081.6816816816818 3082.2822822822823 3082.8828828828828 3083.4834834834837 3084.084084084084 3084.6846846846847 3085.285285285285 3085.8858858858857 3086.4864864864867 3087.087087087087 3087.6876876876877 3088.288288288288 3088.8888888888887 3089.4894894894896 3090.09009009009 3090.6906906906906 3091.291291291291 3091.8918918918916 3092.4924924924926 3093.093093093093 3093.6936936936936 3094.294294294294 3094.894894894895 3095.4954954954956 3096.096096096096 3096.6966966966966 3097.2972972972975 3097.897897897898 3098.4984984984985 3099.099099099099 3099.6996996996995 3100.3003003003005 3100.900900900901 3101.5015015015015 3102.102102102102 3102.7027027027025 3103.3033033033034 3103.903903903904 3104.5045045045044 3105.105105105105 3105.705705705706 3106.3063063063064 3106.906906906907 3107.5075075075074 3108.1081081081084 3108.708708708709 3109.3093093093094 3109.90990990991 3110.5105105105104 3111.1111111111113 3111.711711711712 3112.3123123123123 3112.912912912913 3113.5135135135133 3114.1141141141143 3114.714714714715 3115.3153153153153 3115.915915915916 3116.5165165165163 3117.1171171171172 3117.7177177177177 3118.3183183183182 3118.918918918919 3119.5195195195197 3120.12012012012 3120.7207207207207 3121.321321321321 3121.921921921922 3122.5225225225226 3123.123123123123 3123.7237237237237 3124.324324324324 3124.924924924925 3125.5255255255256 3126.126126126126 3126.7267267267266 3127.327327327327 3127.927927927928 3128.5285285285286 3129.129129129129 3129.7297297297296 3130.33033033033 3130.930930930931 3131.5315315315315 3132.132132132132 3132.732732732733 3133.3333333333335 3133.933933933934 3134.5345345345345 3135.135135135135 3135.735735735736 3136.3363363363364 3136.936936936937 3137.5375375375374 3138.138138138138 3138.738738738739 3139.3393393393394 3139.93993993994 3140.5405405405404 3141.141141141141 3141.741741741742 3142.3423423423424 3142.942942942943 3143.543543543544 3144.1441441441443 3144.744744744745 3145.3453453453453 3145.945945945946 3146.546546546547 3147.1471471471473 3147.747747747748 3148.3483483483483 3148.948948948949 3149.5495495495497 3150.1501501501502 3150.7507507507507 3151.3513513513512 3151.9519519519517 3152.5525525525527 3153.153153153153 3153.7537537537537 3154.354354354354 3154.9549549549547 3155.5555555555557 3156.156156156156 3156.7567567567567 3157.3573573573576 3157.957957957958 3158.5585585585586 3159.159159159159 3159.7597597597596 3160.3603603603606 3160.960960960961 3161.5615615615616 3162.162162162162 3162.7627627627626 3163.3633633633635 3163.963963963964 3164.5645645645645 3165.165165165165 3165.7657657657655 3166.3663663663665 3166.966966966967 3167.5675675675675 3168.1681681681684 3168.7687687687685 3169.3693693693695 3169.96996996997 3170.5705705705705 3171.1711711711714 3171.771771771772 3172.3723723723724 3172.972972972973 3173.5735735735734 3174.1741741741744 3174.774774774775 3175.3753753753754 3175.975975975976 3176.5765765765764 3177.1771771771773 3177.777777777778 3178.3783783783783 3178.978978978979 3179.5795795795793 3180.1801801801803 3180.780780780781 3181.3813813813813 3181.9819819819822 3182.5825825825827 3183.1831831831832 3183.7837837837837 3184.3843843843842 3184.984984984985 3185.5855855855857 3186.186186186186 3186.7867867867867 3187.387387387387 3187.987987987988 3188.5885885885887 3189.189189189189 3189.7897897897897 3190.39039039039 3190.990990990991 3191.5915915915916 3192.192192192192 3192.792792792793 3193.393393393393 3193.993993993994 3194.5945945945946 3195.195195195195 3195.795795795796 3196.3963963963965 3196.996996996997 3197.5975975975975 3198.198198198198 3198.798798798799 3199.3993993993995 3200.0
0.23002474425138592 0.23001702873430335 0.22999318077255487 0.22994846584437909 0.23004438374925668 0.2299502193709807 0.22998371172895515 0.22996792998961757 0.22996617646305167 0.22993776933215448 0.2299758208592469 0.2299356651001564 0.2300186069082551 0.23003403794231128 0.22998721878211292 0.23004245486999064 0.2300305308891059 0.22996635181560338 0.2300429809278601 0.22996933281081955 0.22999055048263783 0.23000335122682736 0.2299579348879539 0.22996775463693336 0.22997529480122914 0.22993145663632586 0.2300072089853204 0.23003999993274327 0.22999493429915696 0.22997441803808985 0.23000966392256725 0.2299866927242329 0.22993987356403728 0.23002421819333269 0.23003456400022432 0.2299933561252327 0.23001124209648788 0.23000247446356326 0.22999563570976722 0.22996407223101706 0.22996389687842783 0.2299775743857322 0.2299437313224698 0.22997441803802926 0.23001352168115452 0.22997862650182993 0.23000194840561924 0.23001387238648024 0.22994793978634176 0.23003807105348284 0.2300271991885025 0.2300149245023348 0.22995688277199527 0.23001790549769868 0.22999651247309916 0.22995968841462433 0.22994443273324783 0.2299824842603543 0.2300876958561202 0.23000633222206124 0.22997389198006027 0.22997336592213347 0.23000668292742105 0.22999300541997214 0.22995583065611938 0.230003000521531 0.23002351678263544 0.22995793488808505 0.23006454930506667 0.23005683378802783 0.22999773994180833 0.2299940575359361 0.23002877736254307 0.2300289527151179 0.2300124695651915 0.2300017730528915 0.2300236921354046 0.23002667313068492 0.2299919533040297 0.23000037023164516 0.2300342132949415 0.23002281537207311 0.2299474137283495 0.23000966392260502 0.22999756458899906 0.23003386258970965 0.2300214125508266 0.23003193371038982 0.22998388708166984 0.2300061568694084 0.2300098392752098 0.22996231870447698 0.22996705322629546 0.23002334143007255 0.22998792019279138 0.23002702383593238 0.23000738433805598 0.22992303970867528 0.2300301801838443 0.2300263224253155 0.22998669272416142 0.2300273745412873 0.2299835363763072 0.2300161519710024 0.23004473445451284 0.22999528500449865 0.2299765222699014 0.2300003702316885 0.22999475894659221 0.22997073563205336 0.2300264977780065 0.23001369703373437 0.22998143214438577 0.22997319056941418 0.22998423778690735 0.22997582085921386 0.22996494899434222 0.22997810044381584 0.23002684848327676 0.22999721388379613 0.22999090118805773 0.23004841686045002 0.2300875205035167 0.22995881165133764 0.23001001462780485 0.22998371172901694 0.2299830103183963 0.23000545545874723 0.22999423288863666 0.22999160259856738 0.23003561611616902 0.2300098392753061 0.2300147491497525 0.23000808574876147 0.2299931807725497 0.2300531513822829 0.2300415781067064 0.2300294787729914 0.22996950816344225 0.22996792998961862 0.23003263512102567 0.23002246466677057 0.22999318077263295 0.23001492450243954 0.23002053578744994 0.22998809554545646 0.2300864683875623 0.23002632242529536 0.22998634201880197 0.2300468386864244 0.23005104715030122 0.23002509495666248 0.2300426302227282 0.23007016059019883 0.23002597171987604 0.22998721878214273 0.2299945835938183 0.23005157320834918 0.230053677440203 0.23002018508222744 0.2300705112955495 0.23004245486998162 0.23002754989387197 0.23006419859979946 0.23008348739234302 0.23005437885091606 0.23003912316939984 0.23005508026147026 0.2300054554588129 0.2300058061641145 0.23002000972949063 0.23005122250300386 0.23004227951733308 0.2300421041646522 0.22999581106239747 0.2299849391976624 0.23010856282268044 0.22998528990286654 0.22997494409594227 0.22997494409590102 0.23004999503435936 0.2300219386088071 0.23003894781683693 0.2300145737970642 0.23004490980712686 0.23003298582634107 0.2300438576911778 0.23003631752681528 0.22995460318742478 0.23001001462796983 0.2300389478166963 0.22995986376716077 0.23002211396145364 0.2300205357875273 0.2300070336325416 0.23000492940076733 0.23002719918860315 0.22999528500447913 0.2300342132950497 0.22999721388381372 0.23006753030033844 0.23000247446355038 0.23001790549754364 0.2300438576912767 0.2300140477391226 0.23003544076362348 0.23002018508223443 0.23003491470562898 0.23003631752684284 0.22996547505229126 0.2300319337103694 0.23000685828007722 0.23006823171103075 0.23006735494765979 0.22994951796037216 0.2300086118066283 0.2300771746966424 0.23002860200983333 0.23001737943961764 0.23006332183650416 0.2300180808502633 0.23006910847425552 0.23007173876416248 0.23004087669615286 0.23004315628050043 0.2300101899805389 0.23002860200975875 0.23004192881201269 0.23002421819341118 0.2300108913912185 0.23003719429019925 0.23001509985506147 0.23005122250301596 0.2300917289674016 0.23003491470559112 0.2300422795173604 0.2300226400194546 0.23002614707267188 0.2300142230918108 0.23007033594285953 0.2300205357875067 0.23003351188430815 0.23000510475338282 0.22999212865664628 0.23003228441574397 0.2300371942902284 0.230059113372734 0.23001439844443944 0.23007436905406142 0.2300559570247797 0.23005963943063135 0.23003912316954178 0.2300433316332974 0.23005788590407855 0.23009365784656438 0.23001737943956507 0.23003509005821848 0.23006314648394893 0.23004946897635942 0.23000791039601615 0.2300470140391362 0.23003649287949507 0.23005332673485934 0.23007208946956476 0.23005280067685524 0.230101548716306 0.23004999503425225 0.23007401834871094 0.23004718939174323 0.23001948367167852 0.23007226482215182 0.2300629711312064 0.23002754989382923 0.22999773994181322 0.23011154381774834 0.23002667313065212 0.23004841686044292 0.23008155851317308 0.23000703363277702 0.23004263022264704 0.23003193371035255 0.23004841686035687 0.23002369213528728 0.23004105204873043 0.23003894781673523 0.23004859221300097 0.23001018998066575 0.23000966392260713 0.23005052109236274 0.23004140275400725 0.2300477154497615 0.22999686317835671 0.22996722857890095 0.230026322425257 0.2300242181934366 0.22998038002844318 0.22992830028847783 0.2299730152167947 0.23001930831889167 0.22989586004646406 0.22994110103270443 0.2299228643560121 0.2299268974672463 0.22986236768833246 0.22985868528254 0.2298941065198554 0.22982747250911112 0.22983799366865193 0.22981081400644274 0.22982975209371864 0.22983273308887608 0.22983115491504563 0.2298604388091841 0.22982326404523162 0.22981397035428008 0.2298600881038277 0.2298620169831067 0.22990375091623116 0.22992654676197555 0.22990252344750206 0.22994530949645348 0.22996898210551195 0.23003386258972952 0.2299852899028932 0.22996845604757798 0.23005806125662742 0.23007875287058865 0.23001106674389532 0.23004385769121133 0.23004140275405865 0.23009997054223302 0.23002842665722623 0.22995477854004875 0.22999809064700477 0.23004350698600612 0.23002860200992448 0.2300301801837772 0.23001018998058037 0.2300047540481514 0.23003438864763615 0.23002071114005873 0.22994022426943073 0.2299959864150578 0.23002527030934028 0.23002982947847397 0.2300200097295519 0.23000983927525964 0.23007962963380615 0.2300777007545286 0.23004999503438775 0.23005735984609596 0.2300217632562164 0.23004420839651907 0.2300703359429226 0.2300398245799996 0.23001071603857226 0.2300550802614177 0.23007471975942778 0.2300764732860374 0.230082610629112 0.23009032614607028 0.2300594640779548 0.23002825130436438 0.230037895700828 0.22997564550667168 0.23002597171992184 0.23003526541096425 0.23001580126569293 0.22998686807693325 0.2299502193708547 0.23002246466667248 0.22993198269436932 0.22994022426929359 0.22991532419165903 0.22997880185449035 0.22985938669323955 0.22983325914689795 0.22981397035436835 0.22977048289457488 0.2297317299567809 0.22967175934713785 0.2296049499837448 0.22969718548277385 0.2293699774193631 0.2292614341228414 0.22912693863245862 0.22896000289990864 0.22876483538899067 0.2285482748535385 0.22832996079119167 0.2279666300783168 0.22760259795444604 0.22729187303924392 0.22684104134720912 0.22641230409004737 0.22604634308543314 0.22555272534241172 0.2251797502304092 0.22490883036734965 0.22468683389683802 0.22450411642266926 0.22435594342276466 0.2244788656391541 0.22478468068239132 0.2251094338127888 0.2254120925076034 0.2258168064511479 0.22643387246755284 0.22689417320363808 0.22737288596844482 0.22784931914811773 0.22833083755446376 0.22873607755277037 0.2289398373441296 0.22911799564673313 0.229304044819176 0.22944555441587616 0.22951411730595017 0.22964177404231 0.22972611867165954 0.22979906537822525 0.22984535848047588 0.22989586004634585 0.22992286435606507 0.22994004891666614 0.22997564550662086 0.22995021937104754 0.23000720898544308 0.23004824150779896 0.2300764732860042 0.23006875776894548 0.23008734515086665 0.23003894781683742 0.23005753519869668 0.23005052109227983 0.2300605161939508 0.23007594722801478 0.23009628813649502 0.230033161178966 0.23011890862965467 0.23006191901522388 0.23005876266726483 0.2300452605124499 0.2300784021652226 0.2300435069859691 0.23009102755668748 0.23006560142102161 0.23000072093702512 0.23007454440671704 0.23008313668703578 0.2300459619230854 0.23007647328605504 0.23004841686044641 0.23003386258972863 0.23005893802002042 0.2300810324551356 0.23004473445453366 0.23002351678271515 0.23004754009712142 0.23003053088924252 0.23006226972052113 0.23004596192312968 0.22998441313957807 0.23003316117899142 0.23007261552743424 0.23002667313059555 0.2299928300671547 0.22998213355507888 0.2300108913912593 0.2299603898252341 0.22999896741040327 0.22995547995073745 0.2299367172161847 0.2299921286566119 0.2299819582024188 0.2298537754081058 0.2298723627900404 0.22989831498372237 0.22978468646022499 0.22975049269153236 0.22972646937703262 0.22966474524070402 0.22961389296940182 0.2295251645234505 0.22941591981625997 0.22937365982530544 0.22920707479822866 0.22912290552126782 0.22899717766391275 0.22883672997985388 0.22855686713380136 0.228175825802441 0.2277484913682722 0.22742812205682372 0.22719069455364643 0.22678913695955358 0.22640669280500503 0.22626798884975527 0.22616996671184364 0.22595024982688577 0.22594078078306853 0.2262371267812709 0.2264044132203638 0.2265850264617748 0.2268336765355024 0.22727503918365904 0.22760137048578205 0.22786562694574142 0.22820090123298586 0.22856545941412149 0.22877711007526336 0.22899384596338385 0.22917638808254293 0.2292787940361506 0.2293726077091119 0.22946396644516415 0.22952463846553994 0.2296149450853529 0.22964177404227964 0.2296892946131603 0.22986745291554006 0.2297282229036039 0.22987429166919604 0.22985868528264375 0.22981589923358484 0.22988200718636437 0.22991795448163688 0.2299021727421277 0.2299861666661837 0.22991988336074898 0.22994741372836217 0.22993093057832298 0.22997178774815571 0.22999826599978157 0.22997810044383987 0.2299765222699306 0.23005192391353751 0.23003333653165509 0.2300550802614469 0.2300101899806485 0.2300317583578808 0.2300575351987049 0.2300456112178731 0.2300122942124676 0.23003333653173963 0.23003509005834555 0.2300438576912556 0.23001317097577795 0.22999879205777046 0.22997634691728064 0.22998195820233536 0.23002912806778086 0.23007927892847857 0.23002772524649423 0.2300747197593701 0.23006402324714997 0.23005806125670775 0.2300526253242966 0.2300768239912575 0.2301018994216465 0.23012101286157052 0.23007086200078586 0.23006279577854516 0.2301047050642271 0.23011189452322733 0.23012311709347452 0.23010435435885407 0.23011417410786195 0.23010382830095794 0.23010558182745794 0.23010488041677118 0.23003877246420767 0.2300743690540939 0.23012995584725177 0.2301504721083621 0.23008155851320355 0.23008822191420436 0.23012750090997713 0.23011838257163353 0.23004140275389284 0.2301232924460835 0.2301139987552116 0.23007629793341505 0.23012294174079784 0.23013363825298022 0.2300542034981607 0.23009681419443245 0.23009681419455294 0.2300929564359593 0.2300659521264229 0.2300815585131068 0.2301192593349251 0.230135216426797 0.23005472955612116 0.2300850655663006 0.23005911337260804 0.23005244997151705 0.23008383809769134 0.2300973402524668 0.23006630283177304 0.2300685824162741 0.23011627833964376 0.23006209436783356 0.23001106674387706 0.23007735004927776 0.23009821701577893 0.23007962963386536 0.2300082611013995 0.2300366682322273 0.23001509985508084 0.22997757438586308 0.23004403304382956 0.22998073073382352 0.2299516221922316 0.22995302501363776 0.22999791529445324 0.22995092078161491 0.22991812983421678 0.22996898210550304 0.22997582085933077 0.22990006851023587 0.22997599621185214 0.2299453094965645 0.22998406243432074 0.230017905497651 0.22996477364168494 0.22997810044386818 0.2300072089854151 0.2300291280678194 0.23008103245514072 0.230012294212519 0.23003456400029199 0.23008787120881913 0.23009909377903098 0.23002877736247812 0.23007962963382728 0.23009558672584246 0.2300850655663581 0.2300720894695217 0.2301345150162953 0.23007173876407622 0.2300535020874115 0.23015222563494325 0.23011627833971066 0.2300750704647096 0.23012031145084055 0.2300885726195347 0.23007507046469566 0.23015397916151548 0.23017028695884767 0.2300826106290344 0.23010786141208373 0.23011294663908055 0.23007875287051616 0.23015836297800657 0.23012206497755944 0.23009313178861834 0.23007016059016022 0.23013241078438695 0.2300608668993655 0.23007244017480374 0.2301529270456648 0.23003088159443458 0.23010084730571492 0.23015766156741696 0.23010610788541863 0.23010435435882576 0.23013030655243688 0.2301348657217131 0.23006226972055233 0.23013609319030948 0.23013574248493762 0.2301155769290877 0.23012609808852547 0.2301541545141904 0.2300773500492651 0.23008699444554076 0.23011820721892756 0.23013574248497776 0.23010470506422517 0.23016958554831257 0.23014766646594326 0.23010628323813465 0.2300792789285186 0.2301404770066935 0.23018519193499637 0.23005332673495343 0.230131183315812 0.23016151932594475 0.23008857261934135 0.23012609808871265 0.23011206987592628 0.23010523112213488 0.23011768116103162 0.23010768605939957 0.23017502148068186 0.23008874797210416 0.23014977069776033 0.23015678480404855 0.2301388988328557 0.23014906928715578 0.2301304819051775 0.2301776517705596 0.23014906928708218 0.2301218896248285 0.23009085220406325 0.23018273699764125 0.2300931317886022 0.2301124205812275 0.23013170937382477 0.23010593253280642 0.23015853833071442 0.2301271502047356 0.23014345800196145 0.2302118455392248 0.23017291724878636 0.2300999705424543 0.23018010670784772 0.23010628323811422 0.23016783202168978 0.23013977559620746 0.2301704623115282 0.23011996074552543 0.23016800737435272 0.2302014997323149 0.23020833848607392 0.23016116862064 0.2301960637999988 0.23016204538387236 0.2301066339434833 0.23017730106528783 0.23015520663015632 0.23008787120880125 0.23014977069771692 0.2301832630557144 0.23010628323809368 0.23014012630141467 0.2301478418184601 0.23011943468759302 0.2301199607456225 0.2301115438180294 0.2301599411520866 0.23013223543174766 0.23010593253288147 0.2301690594903108 0.23014941999237784 0.23009681419454542 0.23017239119077876 0.2301509981662595 0.23008734515104245 0.23015117351903736 0.23016905949018482 0.23019641450522071 0.2301418798280493 0.2300906768512928 0.23018150952911753 0.23018799757757186 0.2301401263013978 0.23016941019565806 0.2300934824939585 0.23014345800200475 0.2301609932677574 0.23016976090086444 0.23014766646580354 0.23016993625356946 0.23015012140299734 0.23018361376102836 0.23021167018653652 0.23013819742226488 0.23014643899720852 0.23019185533601744 0.2301664292003591 0.2301280269679097 0.23013732065900036 0.2301906278674531 0.23016818272706574 0.23007314158540415 0.2301271502046155 0.23019536238916521 0.2301552066302005 0.23021728147154924 0.2301616946785417 0.23018186023449944 0.23018782222494832 0.23018080811849814 0.2301090888806669 0.2301341643109384 0.23016292214721495 0.2301471404077931 0.2301264487940233 0.2301287283785533 0.23014977069777665 0.23017221583815084 0.2301399509488019 0.23015345310358837 0.23017993135521292 0.23014135377004385 0.23021850894029483 0.23019220604137536 0.23016502637911013 0.23013767136422064 0.23018887434076146 0.23012837767314015 0.2301131219917926 0.23019816803183324 0.23014047700675355 0.2300983923684856 0.23018712081420462 0.23016029185738845 0.23010593253276174 0.23019360886255064 0.2301936088626363 0.2300727908800473 0.2301930828046539 0.2301720404854677 0.23014398405999537 0.23014223053331104 0.23013626854284658 0.2301616946785499 0.23014100306475016 0.2301571355094371 0.23016029185736248 0.23014503617588575 0.23015573268814962 0.23015538198286084 0.23014643899707646 0.23017958064981986 0.2301557326880555 0.23015310239821896 0.23015520663017014 0.2301266241465933 0.23012311709341685 0.23020360396413858 0.23017835318122876 0.23011925933488675 0.23017221583814576 0.23020395466948312 0.23012504597274855 0.23018378911379744 0.23016432496847597 0.23021044271789287 0.2301778271232387 0.23015555733545434 0.23019834338443967 0.23017116372219149 0.23020290255362053 0.2301630974998654 0.23017730106534928 0.23014486082327923 0.23014871858174263 0.2302111441286745 0.23018519193487613 0.2300889233248078 0.23015205028226643 0.23016292214717216 0.23019711591581332 0.2301560833935276 0.23017817782863467 0.23012188962472535 0.23015941509409282 0.23014819252384977 0.23013311219517252 0.23020167508506517 0.23016800737437626 0.23015994115197824 0.23015678480412666 0.23014626364449178 0.2301483678764809 0.23017256654354623 0.2301976419738645 0.23014871858182395 0.2301874715196446 0.23015888903606907 0.23017624894930505 0.2301667799056991 0.23016748131636156 0.23015608339347798 0.23015310239826825 0.23017975600259366 0.23021412512382716 0.230142756591315 0.23016204538381455 0.23010908888062065 0.23020903989662309 0.23015012140308244 0.23013714530625667 0.23013206007898712 0.23021447582919585 0.23015099816640414 0.2301385481273785 0.2302400773173679 0.23017221583813047 0.23011575228167086 0.23016835807962133 0.23017835318127458 0.2301566094513654 0.2301355671322893 0.2301744954227295 0.23015292704556767 0.2301020747743771 0.23019571309449183 0.23017870388658623 0.23016379891044586 0.23019185533601944 0.2301667799057151 0.2301785285338675 0.2301748461280005 0.23015888903603116 0.2301341643110394 0.2302060589015149 0.23018641940353418 0.23021096877603453 0.23014643899714093 0.23018168488172513 0.23021096877591807 0.2301552066301294 0.23016853343230648 0.23015959044674314 0.23008524091890156 0.23018571799294998 0.23020149973232473 0.23012820232057352 0.23010803676463937 0.23019466097855576 0.23021868429290138 0.23013661924833373 0.23020518213808927 0.23020360396424222 0.2301543298669465 0.23017554753865455 0.23015064746091374 0.23016432496855438 0.2301801067077615 0.23020377931688457 0.23014766646577992 0.23018501658238766 0.23016309749977049 0.23015959044656853 0.2301595904465637 0.23017975600243312 0.23016537708436857 0.23021324836049084 0.23018080811852343 0.2301915046308276 0.2302248216361143 0.23015064746096758 0.23019869408970844 0.23021219624461187 0.2301648510264946 0.23016187003140076 0.23016502637912242 0.23014012630139946 0.23013223543181044 0.23013170937383237 0.23017484612799882 0.23015538198278068 0.230159064388693 0.23019080322007213 0.23015853833070815 0.23019851873715053 0.2302174568243674 0.2301592397412645 0.23015187492961664 0.23022148993547809 0.23019132927806096 0.2302007983217267 0.23022990686320044 0.23020833848605793 0.23022131458285955 0.2302470914238326 0.2302202624669128 0.23017519683339133 0.23018519193504638 0.23020763707542924 0.23018291235038513 0.23017414471747277 0.2301671306110769 0.23016642920037728 0.23019080322002516 0.23015766156737702 0.23020921524934124 0.23018256164515166 0.2301424058860709 0.23020956595466074 0.2302228927567727 0.23016677990571 0.23021079342320877 0.23015082281368532 0.23017887923920266 0.2301713390748915 0.23018466587702185 0.23016625384774236 0.2301182072190764 0.23022289275680446 0.230154680572037 0.23016695525834813 0.23020728637007737 0.23019571309459308 0.23019431027325626 0.2302118455392554
