5e-05 0.0001 0.00015000000000000001 0.0002 0.00025 0.00030000000000000003 0.00035 0.0004 0.00045000000000000004 0.0005 0.00055 0.0006000000000000001 0.0006500000000000001 0.0007 0.00075 0.0008 0.0008500000000000001 0.0009000000000000001 0.00095 0.001 0.0010500000000000002 0.0011 0.00115 0.0012000000000000001 0.00125 0.0013000000000000002 0.00135 0.0014 0.0014500000000000001 0.0015 0.0015500000000000002 0.0016 0.00165 0.0017000000000000001 0.00175 0.0018000000000000002 0.00185 0.0019 0.0019500000000000001 0.002 0.00205 0.0021000000000000003 0.00215 0.0022 0.0022500000000000003 0.0023 0.00235 0.0024000000000000002 0.00245 0.0025 0.00255 0.0026000000000000003 0.00265 0.0027 0.0027500000000000003 0.0028 0.00285 0.0029000000000000002 0.00295 0.003 0.00305 0.0031000000000000003 0.00315 0.0032 0.0032500000000000003 0.0033 0.00335 0.0034000000000000002 0.0034500000000000004 0.0035 0.00355 0.0036000000000000003 0.00365 0.0037 0.0037500000000000003 0.0038 0.00385 0.0039000000000000003 0.00395 0.004 0.00405 0.0041 0.00415 0.004200000000000001 0.00425 0.0043 0.004350000000000001 0.0044 0.00445 0.0045000000000000005 0.00455 0.0046 0.0046500000000000005 0.0047 0.00475 0.0048000000000000004 0.00485 0.0049 0.00495 0.005 0.005050000000000001 0.0051 0.00515 0.005200000000000001 0.00525 0.0053 0.005350000000000001 0.0054 0.00545 0.0055000000000000005 0.00555 0.0056 0.0056500000000000005 0.0057 0.00575 0.0058000000000000005 0.00585 0.0059 0.00595 0.006 0.006050000000000001 0.0061 0.00615 0.006200000000000001 0.00625 0.0063 0.006350000000000001 0.0064 0.00645 0.006500000000000001 0.00655 0.0066 0.0066500000000000005 0.0067 0.00675 0.0068000000000000005 0.00685 0.006900000000000001 0.0069500000000000004 0.007 0.007050000000000001 0.0071 0.00715 0.007200000000000001 0.00725 0.0073 0.007350000000000001 0.0074 0.00745 0.007500000000000001 0.00755 0.0076 0.0076500000000000005 0.0077 0.00775 0.0078000000000000005 0.007850000000000001 0.0079 0.00795 0.008 0.00805 0.0081 0.008150000000000001 0.0082 0.00825 0.0083 0.00835 0.008400000000000001 0.008450000000000001 0.0085 0.00855 0.0086 0.00865 0.008700000000000001 0.00875 0.0088 0.00885 0.0089 0.00895 0.009000000000000001 0.00905 0.0091 0.00915 0.0092 0.009250000000000001 0.009300000000000001 0.00935 0.0094 0.00945 0.0095 0.009550000000000001 0.009600000000000001 0.00965 0.0097 0.00975 0.0098 0.009850000000000001 0.0099 0.00995 0.01
5.6730096837498 5.673383974290193 5.673840726778145 5.6743757707577585 5.674866772301434 5.675485900217171 5.675953772900006 5.676433861728254 5.67707198896345 5.677677606038286 5.678162929105195 5.678719325031318 5.67922064890699 5.6797981571425264 5.680326143204397 5.68086185642132 5.681388670553674 5.681897575455546 5.682432043674469 5.682868429070843 5.683339741547827 5.68380479105547 5.684156303430781 5.684748134946492 5.685180110248719 5.685650090053553 5.686067134178966 5.686450139673423 5.686981308358569 5.687354628606965 5.687669305485743 5.688079984357603 5.688448272019399 5.688815183171865 5.689161481768101 5.6895414595230545 5.689807680962801 5.690066289224755 5.690422109402619 5.690844557277233 5.691093395546949 5.691351606348152 5.691759576042748 5.692034167587448 5.692274755570082 5.692475252368331 5.692641345219209 5.692926937152942 5.693139083128685 5.693444679735817 5.6936402257873455 5.69382952347124 5.69401135119157 5.694153125719276 5.694274407517329 5.694502066254937 5.6946506590371815 5.694789440900979 5.694926252984056 5.695062524406021 5.695077066862315 5.695184560190136 5.695254195147438 5.6953972234389125 5.69555543717208 5.6956113508721975 5.695621226064211 5.695668366348778 5.695717923566463 5.695798404014658 5.69576051931655 5.695857164235188 5.695792310487425 5.695780108935398 5.69574908924566 5.695764233748883 5.695741771209127 5.6957532157924655 5.695657923967091 5.6955044359131985 5.695521743085654 5.695397833903682 5.695472355318151 5.69527792564298 5.695216505859715 5.695129069774243 5.695114436675138 5.694900069538369 5.694724221264329 5.694582323945283 5.6944067883776155 5.694264803386398 5.694014720081277 5.69383919036192 5.693600192190431 5.693330735477056 5.693195028064137 5.6929707126553115 5.6926744096334145 5.692467281586214 5.692191684650281 5.6918703882063175 5.691559495950137 5.691248688442098 5.691021070580729 5.690687707036978 5.690417417402424 5.69010945935838 5.6897808595286845 5.689483583309924 5.68916145979113 5.688807396018224 5.68842475871872 5.688065311647816 5.687722333001261 5.687291836447347 5.686896269906757 5.686501699946481 5.686089571460624 5.6856383834442745 5.685245537767994 5.684793224579295 5.684276458051857 5.683879859858569 5.683452759279867 5.682950225435859 5.682477039583106 5.682080023466797 5.681620719598242 5.6811820399812385 5.680693645312695 5.680179412604346 5.679672883672861 5.679122402900035 5.678612638730933 5.678059819943719 5.677457692327276 5.676929472422172 5.676470487109736 5.675884334009514 5.675264910904579 5.674719640989511 5.674152586578799 5.673568610760303 5.672957680504889 5.672405057524169 5.671775542930115 5.67103159107685 5.670377626650982 5.669797169544718 5.669113313539767 5.668515859038778 5.667818468835001 5.667131839357553 5.666513924258457 5.665901915586972 5.665132301037525 5.66445078305079 5.663777421827403 5.663041997890586 5.662370521694255 5.661567850478577 5.660892829259683 5.660168712561617 5.659479359285929 5.658683889163563 5.657936699135728 5.657178228164897 5.656317831243295 5.655586431614964 5.654861373859664 5.654110001696939 5.653390356446498 5.652633709134884 5.651811793085396 5.651086332014589 5.650322296554754 5.6495182517381695 5.6487140344892 5.647840138430018 5.647055566385364 5.64625805924513 5.645363629527081 5.644621594822819 5.643762837423716 5.64294446053861 5.6420460211153545 5.641222722700613 5.640392819379354 5.63949134344989 5.6385524270568474 5.637800435308802 5.6368698451774994 5.636036446521868 5.635141221863215 5.634290124390723 5.633385550576697 5.632487523214463 5.631648504530919 5.630747388057862
5e-05 0.0001 0.00015000000000000001 0.0002 0.00025 0.00030000000000000003 0.00035 0.0004 0.00045000000000000004 0.0005 0.00055 0.0006000000000000001 0.0006500000000000001 0.0007 0.00075 0.0008 0.0008500000000000001 0.0009000000000000001 0.00095 0.001 0.0010500000000000002 0.0011 0.00115 0.0012000000000000001 0.00125 0.0013000000000000002 0.00135 0.0014 0.0014500000000000001 0.0015 0.0015500000000000002 0.0016 0.00165 0.0017000000000000001 0.00175 0.0018000000000000002 0.00185 0.0019 0.0019500000000000001 0.002 0.00205 0.0021000000000000003 0.00215 0.0022 0.0022500000000000003 0.0023 0.00235 0.0024000000000000002 0.00245 0.0025 0.00255 0.0026000000000000003 0.00265 0.0027 0.0027500000000000003 0.0028 0.00285 0.0029000000000000002 0.00295 0.003 0.00305 0.0031000000000000003 0.00315 0.0032 0.0032500000000000003 0.0033 0.00335 0.0034000000000000002 0.0034500000000000004 0.0035 0.00355 0.0036000000000000003 0.00365 0.0037 0.0037500000000000003 0.0038 0.00385 0.0039000000000000003 0.00395 0.004 0.00405 0.0041 0.00415 0.004200000000000001 0.00425 0.0043 0.004350000000000001 0.0044 0.00445 0.0045000000000000005 0.00455 0.0046 0.0046500000000000005 0.0047 0.00475 0.0048000000000000004 0.00485 0.0049 0.00495 0.005 0.005050000000000001 0.0051 0.00515 0.005200000000000001 0.00525 0.0053 0.005350000000000001 0.0054 0.00545 0.0055000000000000005 0.00555 0.0056 0.0056500000000000005 0.0057 0.00575 0.0058000000000000005 0.00585 0.0059 0.00595 0.006 0.006050000000000001 0.0061 0.00615 0.006200000000000001 0.00625 0.0063 0.006350000000000001 0.0064 0.00645 0.006500000000000001 0.00655 0.0066 0.0066500000000000005 0.0067 0.00675 0.0068000000000000005 0.00685 0.006900000000000001 0.0069500000000000004 0.007 0.007050000000000001 0.0071 0.00715 0.007200000000000001 0.00725 0.0073 0.007350000000000001 0.0074 0.00745 0.007500000000000001 0.00755 0.0076 0.0076500000000000005 0.0077 0.00775 0.0078000000000000005 0.007850000000000001 0.0079 0.00795 0.008 0.00805 0.0081 0.008150000000000001 0.0082 0.00825 0.0083 0.00835 0.008400000000000001 0.008450000000000001 0.0085 0.00855 0.0086 0.00865 0.008700000000000001 0.00875 0.0088 0.00885 0.0089 0.00895 0.009000000000000001 0.00905 0.0091 0.00915 0.0092 0.009250000000000001 0.009300000000000001 0.00935 0.0094 0.00945 0.0095 0.009550000000000001 0.009600000000000001 0.00965 0.0097 0.00975 0.0098 0.009850000000000001 0.0099 0.00995 0.01
5.66781753342719 5.668330030137987 5.668969960576299 5.669600308057883 5.670187595067886 5.670916706322473 5.671469013642537 5.672093822932393 5.672803364956832 5.673469121726468 5.674135334408416 5.674742795595073 5.675336424468094 5.67599888754796 5.676600161742808 5.677156505056305 5.677746688275281 5.678388150098269 5.678890306890649 5.6794095487612655 5.679993419324413 5.680460307100869 5.680997209781579 5.681560225217345 5.682183155309796 5.682589538068943 5.683078531814023 5.683475080286653 5.684090999241885 5.6845001759407 5.684899407286141 5.685383099567724 5.685805486079726 5.686197133471668 5.686541371686661 5.686948569831787 5.687350828918934 5.687644057400112 5.688056913556914 5.688409288081004 5.68878752986077 5.689057573967298 5.68937374717927 5.689795391365359 5.69006333417829 5.690353999610081 5.690534754762878 5.690858342424807 5.691101803249732 5.691430414736462 5.691650632731746 5.691892994686305 5.692114416762147 5.69225324246834 5.692475976757386 5.6926212495470585 5.692921638221898 5.6930026564056515 5.693187164084612 5.693344609193046 5.693404918372456 5.693543536579835 5.693713858327881 5.693828038387843 5.693934394862898 5.69406449683726 5.694091310970602 5.694149445800013 5.694213992642101 5.694301872917414 5.694327927199187 5.694465791398445 5.694391407300374 5.69442539624393 5.694409901001279 5.69442413952148 5.694412455252734 5.694417882360218 5.694393692615221 5.694324127760615 5.694289381866654 5.694276166192089 5.694232994656877 5.694113735208731 5.694007247190222 5.69398830921937 5.69392722845709 5.693813577335849 5.693658075672685 5.693487330118733 5.693313840321777 5.693198912062488 5.692933380293075 5.69270461972846 5.6925888789969 5.692345163878452 5.692151093662507 5.691991792718319 5.69177931937347 5.691560340492527 5.69130167666321 5.690988534063198 5.690690167741702 5.690416856217249 5.6901966031156475 5.689820395376594 5.689560878164868 5.6893237007223565 5.688981537466306 5.688648536315353 5.688298119848412 5.687969046570937 5.687632675747891 5.6872899221408595 5.686978649950957 5.686416368033584 5.686142311268655 5.685782738527165 5.685363628137322 5.684950070536114 5.684529680079716 5.684080999583422 5.683649100219955 5.683219573950021 5.682769347449348 5.682335694570325 5.681938698914816 5.681457785907968 5.68098678025949 5.680536106598987 5.680041972094499 5.679506925168554 5.679118401906937 5.6786032778339015 5.678009637233388 5.677461500323691 5.676943538474147 5.676405446286738 5.675960161762077 5.675349669889187 5.674812644414794 5.674241486785241 5.67363358134124 5.673110084230016 5.672457470015311 5.671885195980419 5.671278541379727 5.6706433921666655 5.669895573805254 5.669309821085557 5.668654684728184 5.668091239636356 5.66737620614968 5.6667389322548685 5.666073838858433 5.665492309187596 5.664755754229034 5.664059682078328 5.663412600192523 5.66265202793122 5.661965939120199 5.661234261847371 5.660534019247988 5.659755596211868 5.659078435709878 5.658289620172578 5.65755082947922 5.656734200283686 5.655922296804808 5.655224783835618 5.654490791928073 5.6538013918858825 5.653087506939297 5.652311673251764 5.651505381013828 5.6507068889953525 5.650006441812676 5.649211164563598 5.648329006526704 5.6475130348818325 5.646795195758577 5.645907712875283 5.645062621201924 5.64433773878952 5.643436943812966 5.642603279201703 5.641783525816235 5.640953526054464 5.640092752113579 5.639261109888039 5.638345608767792 5.637438629715747 5.636641198556368 5.635730127970401 5.634872586334777 5.634002746720323 5.633214083134479 5.632275149207759 5.631387207473778 5.630542749969761
5e-05 0.0001 0.00015000000000000001 0.0002 0.00025 0.00030000000000000003 0.00035 0.0004 0.00045000000000000004 0.0005 0.00055 0.0006000000000000001 0.0006500000000000001 0.0007 0.00075 0.0008 0.0008500000000000001 0.0009000000000000001 0.00095 0.001 0.0010500000000000002 0.0011 0.00115 0.0012000000000000001 0.00125 0.0013000000000000002 0.00135 0.0014 0.0014500000000000001 0.0015 0.0015500000000000002 0.0016 0.00165 0.0017000000000000001 0.00175 0.0018000000000000002 0.00185 0.0019 0.0019500000000000001 0.002 0.00205 0.0021000000000000003 0.00215 0.0022 0.0022500000000000003 0.0023 0.00235 0.0024000000000000002 0.00245 0.0025 0.00255 0.0026000000000000003 0.00265 0.0027 0.0027500000000000003 0.0028 0.00285 0.0029000000000000002 0.00295 0.003 0.00305 0.0031000000000000003 0.00315 0.0032 0.0032500000000000003 0.0033 0.00335 0.0034000000000000002 0.0034500000000000004 0.0035 0.00355 0.0036000000000000003 0.00365 0.0037 0.0037500000000000003 0.0038 0.00385 0.0039000000000000003 0.00395 0.004 0.00405 0.0041 0.00415 0.004200000000000001 0.00425 0.0043 0.004350000000000001 0.0044 0.00445 0.0045000000000000005 0.00455 0.0046 0.0046500000000000005 0.0047 0.00475 0.0048000000000000004 0.00485 0.0049 0.00495 0.005 0.005050000000000001 0.0051 0.00515 0.005200000000000001 0.00525 0.0053 0.005350000000000001 0.0054 0.00545 0.0055000000000000005 0.00555 0.0056 0.0056500000000000005 0.0057 0.00575 0.0058000000000000005 0.00585 0.0059 0.00595 0.006 0.006050000000000001 0.0061 0.00615 0.006200000000000001 0.00625 0.0063 0.006350000000000001 0.0064 0.00645 0.006500000000000001 0.00655 0.0066 0.0066500000000000005 0.0067 0.00675 0.0068000000000000005 0.00685 0.006900000000000001 0.0069500000000000004 0.007 0.007050000000000001 0.0071 0.00715 0.007200000000000001 0.00725 0.0073 0.007350000000000001 0.0074 0.00745 0.007500000000000001 0.00755 0.0076 0.0076500000000000005 0.0077 0.00775 0.0078000000000000005 0.007850000000000001 0.0079 0.00795 0.008 0.00805 0.0081 0.008150000000000001 0.0082 0.00825 0.0083 0.00835 0.008400000000000001 0.008450000000000001 0.0085 0.00855 0.0086 0.00865 0.008700000000000001 0.00875 0.0088 0.00885 0.0089 0.00895 0.009000000000000001 0.00905 0.0091 0.00915 0.0092 0.009250000000000001 0.009300000000000001 0.00935 0.0094 0.00945 0.0095 0.009550000000000001 0.009600000000000001 0.00965 0.0097 0.00975 0.0098 0.009850000000000001 0.0099 0.00995 0.01
0.005192150322609921 0.0050539441522032885 0.004870766201846972 0.004775462699873866 0.0046791772335498215 0.0045691938946993225 0.004484759257470707 0.004340038795861409 0.004268624006622187 0.004208484311818205 0.0040275946967816495 0.003976529436244093 0.0038842244389008943 0.003799269594566503 0.003725981461593299 0.003705351365016394 0.003641982278390497 0.0035094253572786845 0.0035417367838179465 0.0034588803095773105 0.0033463222234149255 0.003344483954601997 0.003159093649206865 0.003187909729150142 0.0029969549389256647 0.003060551984610503 0.002988602364944649 0.0029750593867713124 0.0028903091166839583 0.0028544526662662045 0.0027698981996038224 0.002696884789879472 0.0026427859396708792 0.0026180497001963583 0.002620110081442111 0.0025928896912676435 0.0024568520438702037 0.0024222318246458633 0.0023651958457057984 0.0024352691962294414 0.002305865686175631 0.0022940323808519148 0.0023858288634817505 0.00223877622208658 0.0022114213917907915 0.002121252758247701 0.0021065904563296314 0.0020685947281343427 0.002037279878946449 0.002014264999354829 0.0019895930556009735 0.001936528784939142 0.0018969344294221808 0.0018998832509340483 0.0017984307599447288 0.0018808167078798858 0.0017290208152881095 0.0017867844953337088 0.0017390888994456809 0.0017179152129783292 0.0016721484898567249 0.0016410236103021826 0.001540336819555594 0.0015691850510697954 0.0016210423091790453 0.0015468540349368703 0.0015299150936047441 0.0015189205487648866 0.0015039309243650688 0.0014965310972416877 0.0014325921173605376 0.0013913728367408024 0.0014009031870487003 0.0013547126914661932 0.0013391882443773062 0.0013400942274009494 0.0013293159563918168 0.0013353334322505012 0.0012642313518725957 0.0011803081525828794 0.0012323612189973562 0.0011216677115932444 0.0012393606612693029 0.0011641904342457468 0.0012092586694912558 0.0011407605548732747 0.001187208218046152 0.0010864922025156437 0.0010661455916431348 0.0010949938265511366 0.0010929480558367637 0.0010658913239102693 0.0010813397882063567 0.0011345706334602215 0.001011313193530383 0.0009855715986069554 0.0010439344016303783 0.000978919936994748 0.0008950902599468219 0.0009069410936849448 0.0008900079870712457 0.0008818541431160418 0.0008693282084353866 0.0008318322248516806 0.0008244674650807934 0.0008673116603848998 0.0008565392375535313 0.0007857586360189476 0.0007993220623806251 0.0008350469945708268 0.0008633399427184684 0.0008383494472870603 0.0007920829708368639 0.0007753895069577277 0.0007436830503055822 0.0008754684137676233 0.0007539586381020059 0.0007189614193143733 0.0007259433232986841 0.0006883129081610542 0.0007158576882815505 0.0007122249958744102 0.0006273578318995494 0.0006602859085512948 0.0006834118305217275 0.0006145308655337799 0.0005383406682888275 0.0006222375588304393 0.0006339393387526942 0.000645933382252508 0.0006516732181999175 0.0006724874357937221 0.0005544817659276788 0.0005191250661288178 0.000603001497543261 0.0005983196200293149 0.0005141538531288723 0.0005240261354329096 0.0005103253476568175 0.0005346641203237351 0.0004522664897906379 0.00047815420427246136 0.0005190052375589121 0.0004585265302831349 0.0005002104895770642 0.0005198615437557189 0.000497001550387104 0.00038819891018669974 0.00048205284572928767 0.0004873484591616044 0.00045862881158354195 0.00042461940241892646 0.0004422626853242543 0.000392907102688215 0.0004400854000171013 0.0004096063993744893 0.0003765468084895575 0.0003911009724618824 0.0003648216348824582 0.00038996995936708837 0.00040458257405807284 0.00033358863120465533 0.0003588100116909604 0.00041311634974730294 0.0004009235760488866 0.0003942689909875578 0.00038586965650831467 0.00044402788121236853 0.0003955344384878738 0.00036164777934602683 0.00037058193159004093 0.000308609811058318 0.0003028495072019885 0.00032203588311949954 0.00030641207156648396 0.00037944301924142115 0.00031585474207889303 0.00030708717457135525 0.000385027962496866 0.0003271035481880939 0.0002603706267819799 0.00035034636984580174 0.0003010083251607538 0.0002838560332981642 0.0003258936107430207 0.0003411813369089245 0.0002624952991197087 0.0002691966461518428 0.0003000672657768652 0.0002302335618502956 0.00020681828905630078 0.0003618055930545222 0.0002286466211306385 0.00030631855146616275 0.000268635528437701 0.0002873776704014714 0.00017146744221585428 0.00021237400670166546 0.0002612970571407776 0.00020463808810043598
