-5.0 -4.995 -4.99 -4.985 -4.98 -4.975 -4.97 -4.965 -4.96 -4.955 -4.95 -4.945 -4.94 -4.935 -4.93 -4.925 -4.92 -4.915 -4.91 -4.905 -4.9 -4.895 -4.89 -4.885 -4.88 -4.875 -4.87 -4.865 -4.86 -4.855 -4.85 -4.845 -4.84 -4.835 -4.83 -4.825 -4.82 -4.815 -4.81 -4.805 -4.8 -4.795 -4.79 -4.785 -4.78 -4.775 -4.77 -4.765 -4.76 -4.755 -4.75 -4.745 -4.74 -4.735 -4.73 -4.725 -4.72 -4.715 -4.71 -4.705 -4.7 -4.695 -4.69 -4.685 -4.68 -4.675 -4.67 -4.665 -4.66 -4.655 -4.65 -4.645 -4.64 -4.635 -4.63 -4.625 -4.62 -4.615 -4.61 -4.605 -4.6 -4.595 -4.59 -4.585 -4.58 -4.575 -4.57 -4.565 -4.56 -4.555 -4.55 -4.545 -4.54 -4.535 -4.53 -4.525 -4.52 -4.515 -4.51 -4.505 -4.5 -4.495 -4.49 -4.485 -4.48 -4.475 -4.47 -4.465 -4.46 -4.455 -4.45 -4.445 -4.4399999999999995 -4.435 -4.43 -4.425 -4.42 -4.415 -4.41 -4.405 -4.4 -4.395 -4.39 -4.385 -4.38 -4.375 -4.37 -4.365 -4.36 -4.355 -4.35 -4.345 -4.34 -4.335 -4.33 -4.325 -4.32 -4.3149999999999995 -4.31 -4.305 -4.3 -4.295 -4.29 -4.285 -4.28 -4.275 -4.27 -4.265 -4.26 -4.255 -4.25 -4.245 -4.24 -4.235 -4.23 -4.225 -4.22 -4.215 -4.21 -4.205 -4.2 -4.195 -4.1899999999999995 -4.185 -4.18 -4.175 -4.17 -4.165 -4.16 -4.155 -4.15 -4.145 -4.14 -4.135 -4.13 -4.125 -4.12 -4.115 -4.11 -4.105 -4.1 -4.095 -4.09 -4.085 -4.08 -4.075 -4.07 -4.0649999999999995 -4.06 -4.055 -4.05 -4.045 -4.04 -4.035 -4.03 -4.025 -4.02 -4.015 -4.01 -4.005 -4.0 -3.995 -3.99 -3.985 -3.98 -3.975 -3.9699999999999998 -3.965 -3.96 -3.955 -3.95 -3.9450000000000003 -3.94 -3.935 -3.9299999999999997 -3.925 -3.92 -3.915 -3.91 -3.9050000000000002 -3.9 -3.895 -3.8899999999999997 -3.885 -3.88 -3.875 -3.87 -3.865 -3.86 -3.855 -3.8499999999999996 -3.8449999999999998 -3.84 -3.835 -3.83 -3.825 -3.8200000000000003 -3.815 -3.81 -3.8049999999999997 -3.8 -3.795 -3.79 -3.785 -3.7800000000000002 -3.775 -3.77 -3.7649999999999997 -3.76 -3.755 -3.75 -3.745 -3.74 -3.735 -3.73 -3.7249999999999996 -3.7199999999999998 -3.715 -3.71 -3.705 -3.7 -3.6950000000000003 -3.69 -3.685 -3.6799999999999997 -3.675 -3.67 -3.665 -3.66 -3.6550000000000002 -3.65 -3.645 -3.6399999999999997 -3.635 -3.63 -3.625 -3.62 -3.615 -3.61 -3.605 -3.5999999999999996 -3.5949999999999998 -3.59 -3.585 -3.58 -3.575 -3.5700000000000003 -3.565 -3.56 -3.5549999999999997 -3.55 -3.545 -3.54 -3.535 -3.5300000000000002 -3.525 -3.52 -3.5149999999999997 -3.51 -3.505 -3.5 -3.495 -3.49 -3.485 -3.48 -3.4749999999999996 -3.4699999999999998 -3.465 -3.46 -3.455 -3.45 -3.4450000000000003 -3.44 -3.435 -3.4299999999999997 -3.425 -3.42 -3.415 -3.41 -3.4050000000000002 -3.4 -3.395 -3.3899999999999997 -3.385 -3.38 -3.375 -3.37 -3.365 -3.36 -3.355 -3.3499999999999996 -3.3449999999999998 -3.34 -3.335 -3.33 -3.325 -3.3200000000000003 -3.315 -3.31 -3.3049999999999997 -3.3 -3.295 -3.29 -3.285 -3.2800000000000002 -3.275 -3.27 -3.2649999999999997 -3.26 -3.255 -3.25 -3.245 -3.24 -3.235 -3.23 -3.2249999999999996 -3.2199999999999998 -3.215 -3.21 -3.205 -3.2 -3.1950000000000003 -3.19 -3.185 -3.1799999999999997 -3.175 -3.17 -3.165 -3.16 -3.1550000000000002 -3.15 -3.145 -3.1399999999999997 -3.135 -3.13 -3.125 -3.12 -3.115 -3.11 -3.105 -3.0999999999999996 -3.0949999999999998 -3.09 -3.085 -3.08 -3.075 -3.0700000000000003 -3.065 -3.06 -3.0549999999999997 -3.05 -3.045 -3.04 -3.035 -3.0300000000000002 -3.025 -3.02 -3.0149999999999997 -3.01 -3.005 -3.0 -2.995 -2.9899999999999998 -2.985 -2.98 -2.975 -2.9699999999999998 -2.965 -2.96 -2.955 -2.95 -2.945 -2.94 -2.935 -2.93 -2.925 -2.92 -2.915 -2.91 -2.905 -2.9 -2.895 -2.89 -2.885 -2.88 -2.875 -2.87 -2.8649999999999998 -2.86 -2.855 -2.85 -2.8449999999999998 -2.84 -2.835 -2.83 -2.8249999999999997 -2.82 -2.815 -2.81 -2.805 -2.8 -2.795 -2.79 -2.785 -2.78 -2.775 -2.77 -2.765 -2.76 -2.755 -2.75 -2.745 -2.7399999999999998 -2.735 -2.73 -2.725 -2.7199999999999998 -2.715 -2.71 -2.705 -2.6999999999999997 -2.695 -2.69 -2.685 -2.68 -2.675 -2.67 -2.665 -2.66 -2.655 -2.65 -2.645 -2.64 -2.635 -2.63 -2.625 -2.62 -2.6149999999999998 -2.61 -2.605 -2.6 -2.5949999999999998 -2.59 -2.585 -2.58 -2.5749999999999997 -2.57 -2.565 -2.56 -2.555 -2.55 -2.545 -2.54 -2.535 -2.53 -2.525 -2.52 -2.515 -2.51 -2.505 -2.5 -2.495 -2.4899999999999998 -2.485 -2.48 -2.475 -2.4699999999999998 -2.465 -2.46 -2.455 -2.4499999999999997 -2.445 -2.44 -2.435 -2.43 -2.425 -2.42 -2.415 -2.41 -2.405 -2.4 -2.395 -2.39 -2.385 -2.38 -2.375 -2.37 -2.3649999999999998 -2.36 -2.355 -2.35 -2.3449999999999998 -2.34 -2.335 -2.33 -2.3249999999999997 -2.32 -2.315 -2.31 -2.305 -2.3 -2.295 -2.29 -2.285 -2.28 -2.275 -2.27 -2.265 -2.26 -2.255 -2.25 -2.245 -2.2399999999999998 -2.235 -2.23 -2.225 -2.2199999999999998 -2.215 -2.21 -2.205 -2.1999999999999997 -2.195 -2.19 -2.185 -2.18 -2.175 -2.17 -2.165 -2.16 -2.155 -2.15 -2.145 -2.14 -2.135 -2.13 -2.125 -2.12 -2.1149999999999998 -2.11 -2.105 -2.1 -2.0949999999999998 -2.09 -2.085 -2.08 -2.0749999999999997 -2.07 -2.065 -2.06 -2.055 -2.05 -2.045 -2.04 -2.035 -2.03 -2.025 -2.02 -2.015 -2.01 -2.005 -2.0 -1.995 -1.9899999999999998 -1.9849999999999999 -1.98 -1.975 -1.9699999999999998 -1.9649999999999999 -1.96 -1.955 -1.9499999999999997 -1.9449999999999998 -1.94 -1.935 -1.9299999999999997 -1.9249999999999998 -1.92 -1.915 -1.9100000000000001 -1.9049999999999998 -1.9 -1.895 -1.8900000000000001 -1.8849999999999998 -1.88 -1.875 -1.87 -1.8649999999999998 -1.8599999999999999 -1.855 -1.85 -1.8449999999999998 -1.8399999999999999 -1.835 -1.83 -1.8249999999999997 -1.8199999999999998 -1.815 -1.81 -1.8049999999999997 -1.7999999999999998 -1.795 -1.79 -1.7850000000000001 -1.7799999999999998 -1.775 -1.77 -1.7650000000000001 -1.7599999999999998 -1.755 -1.75 -1.745 -1.7399999999999998 -1.7349999999999999 -1.73 -1.725 -1.7199999999999998 -1.7149999999999999 -1.71 -1.705 -1.6999999999999997 -1.6949999999999998 -1.69 -1.685 -1.6799999999999997 -1.6749999999999998 -1.67 -1.665 -1.6600000000000001 -1.6549999999999998 -1.65 -1.645 -1.6400000000000001 -1.6349999999999998 -1.63 -1.625 -1.62 -1.6149999999999998 -1.6099999999999999 -1.605 -1.6 -1.5949999999999998 -1.5899999999999999 -1.585 -1.58 -1.5749999999999997 -1.5699999999999998 -1.565 -1.56 -1.5549999999999997 -1.5499999999999998 -1.545 -1.54 -1.5350000000000001 -1.5299999999999998 -1.525 -1.52 -1.5150000000000001 -1.5099999999999998 -1.505 -1.5 -1.495 -1.4899999999999998 -1.4849999999999999 -1.48 -1.475 -1.4699999999999998 -1.4649999999999999 -1.46 -1.455 -1.4499999999999997 -1.4449999999999998 -1.44 -1.435 -1.4299999999999997 -1.4249999999999998 -1.42 -1.415 -1.4100000000000001 -1.4049999999999998 -1.4 -1.395 -1.3900000000000001 -1.3849999999999998 -1.38 -1.375 -1.37 -1.3649999999999998 -1.3599999999999999 -1.355 -1.35 -1.3449999999999998 -1.3399999999999999 -1.335 -1.33 -1.3249999999999997 -1.3199999999999998 -1.315 -1.31 -1.3049999999999997 -1.2999999999999998 -1.295 -1.29 -1.2850000000000001 -1.2799999999999998 -1.275 -1.27 -1.2650000000000001 -1.2599999999999998 -1.255 -1.25 -1.245 -1.2399999999999998 -1.2349999999999999 -1.23 -1.225 -1.2199999999999998 -1.2149999999999999 -1.21 -1.205 -1.1999999999999997 -1.1949999999999998 -1.19 -1.185 -1.1799999999999997 -1.1749999999999998 -1.17 -1.165 -1.1600000000000001 -1.1549999999999998 -1.15 -1.145 -1.1400000000000001 -1.1349999999999998 -1.13 -1.125 -1.12 -1.1149999999999998 -1.1099999999999999 -1.105 -1.1 -1.0949999999999998 -1.0899999999999999 -1.085 -1.08 -1.0749999999999997 -1.0699999999999998 -1.065 -1.06 -1.0549999999999997 -1.0499999999999998 -1.045 -1.04 -1.0349999999999997 -1.0299999999999998 -1.025 -1.02 -1.0150000000000001 -1.0099999999999998 -1.005 -1.0 -0.9950000000000001 -0.9900000000000002 -0.9850000000000003 -0.9799999999999995 -0.9749999999999996 -0.9699999999999998 -0.9649999999999999 -0.96 -0.9550000000000001 -0.9500000000000002 -0.9450000000000003 -0.9399999999999995 -0.9349999999999996 -0.9299999999999997 -0.9249999999999998 -0.9199999999999999 -0.915 -0.9100000000000001 -0.9050000000000002 -0.9000000000000004 -0.8949999999999996 -0.8899999999999997 -0.8849999999999998 -0.8799999999999999 -0.875 -0.8700000000000001 -0.8650000000000002 -0.8600000000000003 -0.8549999999999995 -0.8499999999999996 -0.8449999999999998 -0.8399999999999999 -0.835 -0.8300000000000001 -0.8250000000000002 -0.8200000000000003 -0.8149999999999995 -0.8099999999999996 -0.8049999999999997 -0.7999999999999998 -0.7949999999999999 -0.79 -0.7850000000000001 -0.7800000000000002 -0.7750000000000004 -0.7699999999999996 -0.7649999999999997 -0.7599999999999998 -0.7549999999999999 -0.75 -0.7450000000000001 -0.7400000000000002 -0.7350000000000003 -0.7299999999999995 -0.7249999999999996 -0.7199999999999998 -0.7149999999999999 -0.71 -0.7050000000000001 -0.7000000000000002 -0.6950000000000003 -0.6899999999999995 -0.6849999999999996 -0.6799999999999997 -0.6749999999999998 -0.6699999999999999 -0.665 -0.6600000000000001 -0.6550000000000002 -0.6499999999999995 -0.6449999999999996 -0.6399999999999997 -0.6349999999999998 -0.6299999999999999 -0.625 -0.6200000000000001 -0.6150000000000002 -0.6100000000000003 -0.6049999999999995 -0.5999999999999996 -0.5949999999999998 -0.5899999999999999 -0.585 -0.5800000000000001 -0.5750000000000002 -0.5700000000000003 -0.5649999999999995 -0.5599999999999996 -0.5549999999999997 -0.5499999999999998 -0.5449999999999999 -0.54 -0.5350000000000001 -0.5300000000000002 -0.5249999999999995 -0.5199999999999996 -0.5149999999999997 -0.5099999999999998 -0.5049999999999999 -0.5 -0.4950000000000001 -0.4900000000000002 -0.4850000000000003 -0.47999999999999954 -0.47499999999999964 -0.46999999999999975 -0.46499999999999986 -0.45999999999999996 -0.45500000000000007 -0.4500000000000002 -0.4450000000000003 -0.4399999999999995 -0.4349999999999996 -0.4299999999999997 -0.4249999999999998 -0.41999999999999993 -0.41500000000000004 -0.41000000000000014 -0.40500000000000025 -0.39999999999999947 -0.3949999999999996 -0.3899999999999997 -0.3849999999999998 -0.3799999999999999 -0.375 -0.3700000000000001 -0.3650000000000002 -0.3600000000000003 -0.35499999999999954 -0.34999999999999964 -0.34499999999999975 -0.33999999999999986 -0.33499999999999996 -0.33000000000000007 -0.3250000000000002 -0.3200000000000003 -0.3149999999999995 -0.3099999999999996 -0.3049999999999997 -0.2999999999999998 -0.29499999999999993 -0.29000000000000004 -0.28500000000000014 -0.28000000000000025 -0.27499999999999947 -0.2699999999999996 -0.2649999999999997 -0.2599999999999998 -0.2549999999999999 -0.25 -0.2450000000000001 -0.2400000000000002 -0.23500000000000032 -0.22999999999999954 -0.22499999999999964 -0.21999999999999975 -0.21499999999999986 -0.20999999999999996 -0.20500000000000007 -0.20000000000000018 -0.19500000000000028 -0.1899999999999995 -0.1849999999999996 -0.17999999999999972 -0.17499999999999982 -0.16999999999999993 -0.16500000000000004 -0.16000000000000014 -0.15500000000000025 -0.14999999999999947 -0.14499999999999957 -0.13999999999999968 -0.1349999999999998 -0.1299999999999999 -0.125 -0.1200000000000001 -0.11500000000000021 -0.11000000000000032 -0.10499999999999954 -0.09999999999999964 -0.09499999999999975 -0.08999999999999986 -0.08499999999999996 -0.08000000000000007 -0.07500000000000018 -0.07000000000000028 -0.0649999999999995 -0.05999999999999961 -0.054999999999999716 -0.04999999999999982 -0.04499999999999993 -0.040000000000000036 -0.03500000000000014 -0.03000000000000025 -0.024999999999999467 -0.019999999999999574 -0.01499999999999968 -0.009999999999999787 -0.004999999999999893 0.0 0.004999999999999893 0.009999999999999787 0.01499999999999968 0.020000000000000462 0.025000000000000355 0.03000000000000025 0.03500000000000014 0.040000000000000036 0.04499999999999993 0.04999999999999982 0.054999999999999716 0.0600000000000005 0.06500000000000039 0.07000000000000028 0.07500000000000018 0.08000000000000007 0.08499999999999996 0.08999999999999986 0.09499999999999975 0.10000000000000053 0.10500000000000043 0.11000000000000032 0.11500000000000021 0.1200000000000001 0.125 0.1299999999999999 0.1349999999999998 0.13999999999999968 0.14500000000000046 0.15000000000000036 0.15500000000000025 0.16000000000000014 0.16500000000000004 0.16999999999999993 0.17499999999999982 0.17999999999999972 0.1850000000000005 0.1900000000000004 0.19500000000000028 0.20000000000000018 0.20500000000000007 0.20999999999999996 0.21499999999999986 0.21999999999999975 0.22500000000000053 0.23000000000000043 0.23500000000000032 0.2400000000000002 0.2450000000000001 0.25 0.2549999999999999 0.2599999999999998 0.2649999999999997 0.27000000000000046 0.27500000000000036 0.28000000000000025 0.28500000000000014 0.29000000000000004 0.29499999999999993 0.2999999999999998 0.3049999999999997 0.3100000000000005 0.3150000000000004 0.3200000000000003 0.3250000000000002 0.33000000000000007 0.33499999999999996 0.33999999999999986 0.34499999999999975 0.35000000000000053 0.3550000000000004 0.3600000000000003 0.3650000000000002 0.3700000000000001 0.375 0.3799999999999999 0.3849999999999998 0.3899999999999997 0.39500000000000046 0.40000000000000036 0.40500000000000025 0.41000000000000014 0.41500000000000004 0.41999999999999993 0.4249999999999998 0.4299999999999997 0.4350000000000005 0.4400000000000004 0.4450000000000003 0.4500000000000002 0.45500000000000007 0.45999999999999996 0.46499999999999986 0.46999999999999975 0.47500000000000053 0.4800000000000004 0.4850000000000003 0.4900000000000002 0.4950000000000001 0.5 0.5049999999999999 0.5099999999999998 0.5149999999999997 0.5200000000000005 0.5250000000000004 0.5300000000000002 0.5350000000000001 0.54 0.5449999999999999 0.5499999999999998 0.5549999999999997 0.5600000000000005 0.5650000000000004 0.5700000000000003 0.5750000000000002 0.5800000000000001 0.585 0.5899999999999999 0.5949999999999998 0.6000000000000005 0.6050000000000004 0.6100000000000003 0.6150000000000002 0.6200000000000001 0.625 0.6299999999999999 0.6349999999999998 0.6399999999999997 0.6450000000000005 0.6500000000000004 0.6550000000000002 0.6600000000000001 0.665 0.6699999999999999 0.6749999999999998 0.6799999999999997 0.6850000000000005 0.6900000000000004 0.6950000000000003 0.7000000000000002 0.7050000000000001 0.71 0.7149999999999999 0.7199999999999998 0.7250000000000005 0.7300000000000004 0.7350000000000003 0.7400000000000002 0.7450000000000001 0.75 0.7549999999999999 0.7599999999999998 0.7649999999999997 0.7700000000000005 0.7750000000000004 0.7800000000000002 0.7850000000000001 0.79 0.7949999999999999 0.7999999999999998 0.8049999999999997 0.8100000000000005 0.8150000000000004 0.8200000000000003 0.8250000000000002 0.8300000000000001 0.835 0.8399999999999999 0.8449999999999998 0.8500000000000005 0.8550000000000004 0.8600000000000003 0.8650000000000002 0.8700000000000001 0.875 0.8799999999999999 0.8849999999999998 0.8899999999999997 0.8950000000000005 0.9000000000000004 0.9050000000000002 0.9100000000000001 0.915 0.9199999999999999 0.9249999999999998 0.9299999999999997 0.9350000000000005 0.9400000000000004 0.9450000000000003 0.9500000000000002 0.9550000000000001 0.96 0.9649999999999999 0.9699999999999998 0.9750000000000005 0.9800000000000004 0.9850000000000003 0.9900000000000002 0.9950000000000001 1.0 1.005 1.0099999999999998 1.0150000000000006 1.0200000000000005 1.0250000000000004 1.0300000000000002 1.0350000000000001 1.04 1.045 1.0499999999999998 1.0549999999999997 1.0600000000000005 1.0650000000000004 1.0700000000000003 1.0750000000000002 1.08 1.085 1.0899999999999999 1.0949999999999998 1.1000000000000005 1.1050000000000004 1.1100000000000003 1.1150000000000002 1.12 1.125 1.13 1.1349999999999998 1.1400000000000006 1.1450000000000005 1.1500000000000004 1.1550000000000002 1.1600000000000001 1.165 1.17 1.1749999999999998 1.1799999999999997 1.1850000000000005 1.1900000000000004 1.1950000000000003 1.2000000000000002 1.205 1.21 1.2149999999999999 1.2199999999999998 1.2250000000000005 1.2300000000000004 1.2350000000000003 1.2400000000000002 1.245 1.25 1.255 1.2599999999999998 1.2650000000000006 1.2700000000000005 1.2750000000000004 1.2800000000000002 1.2850000000000001 1.29 1.295 1.2999999999999998 1.3049999999999997 1.3100000000000005 1.3150000000000004 1.3200000000000003 1.3250000000000002 1.33 1.335 1.3399999999999999 1.3449999999999998 1.3500000000000005 1.3550000000000004 1.3600000000000003 1.3650000000000002 1.37 1.375 1.38 1.3849999999999998 1.3900000000000006 1.3950000000000005 1.4000000000000004 1.4050000000000002 1.4100000000000001 1.415 1.42 1.4249999999999998 1.4299999999999997 1.4350000000000005 1.4400000000000004 1.4450000000000003 1.4500000000000002 1.455 1.46 1.4649999999999999 1.4699999999999998 1.4750000000000005 1.4800000000000004 1.4850000000000003 1.4900000000000002 1.495 1.5 1.505 1.5099999999999998 1.5150000000000006 1.5200000000000005 1.5250000000000004 1.5300000000000002 1.5350000000000001 1.54 1.545 1.5499999999999998 1.5549999999999997 1.5600000000000005 1.5650000000000004 1.5700000000000003 1.5750000000000002 1.58 1.585 1.5899999999999999 1.5949999999999998 1.6000000000000005 1.6050000000000004 1.6100000000000003 1.6150000000000002 1.62 1.625 1.63 1.6349999999999998 1.6400000000000006 1.6450000000000005 1.6500000000000004 1.6550000000000002 1.6600000000000001 1.665 1.67 1.6749999999999998 1.6799999999999997 1.6850000000000005 1.6900000000000004 1.6950000000000003 1.7000000000000002 1.705 1.71 1.7149999999999999 1.7199999999999998 1.7250000000000005 1.7300000000000004 1.7350000000000003 1.7400000000000002 1.745 1.75 1.755 1.7599999999999998 1.7650000000000006 1.7700000000000005 1.7750000000000004 1.7800000000000002 1.7850000000000001 1.79 1.795 1.7999999999999998 1.8049999999999997 1.8100000000000005 1.8150000000000004 1.8200000000000003 1.8250000000000002 1.83 1.835 1.8399999999999999 1.8449999999999998 1.8500000000000005 1.8550000000000004 1.8600000000000003 1.8650000000000002 1.87 1.875 1.88 1.8849999999999998 1.8900000000000006 1.8950000000000005 1.9000000000000004 1.9050000000000002 1.9100000000000001 1.915 1.92 1.9249999999999998 1.9299999999999997 1.9350000000000005 1.9400000000000004 1.9450000000000003 1.9500000000000002 1.955 1.96 1.9649999999999999 1.9699999999999998 1.9750000000000005 1.9800000000000004 1.9850000000000003 1.9900000000000002 1.995 2.0 2.005 2.01 2.0150000000000006 2.0200000000000005 2.0250000000000004 2.0300000000000002 2.035 2.04 2.045 2.05 2.0549999999999997 2.0600000000000005 2.0650000000000004 2.0700000000000003 2.075 2.08 2.085 2.09 2.0949999999999998 2.1000000000000005 2.1050000000000004 2.1100000000000003 2.115 2.12 2.125 2.13 2.135 2.1400000000000006 2.1450000000000005 2.1500000000000004 2.1550000000000002 2.16 2.165 2.17 2.175 2.1799999999999997 2.1850000000000005 2.1900000000000004 2.1950000000000003 2.2 2.205 2.21 2.215 2.2199999999999998 2.2250000000000005 2.2300000000000004 2.2350000000000003 2.24 2.245 2.25 2.255 2.26 2.2650000000000006 2.2700000000000005 2.2750000000000004 2.2800000000000002 2.285 2.29 2.295 2.3 2.3049999999999997 2.3100000000000005 2.3150000000000004 2.3200000000000003 2.325 2.33 2.335 2.34 2.3449999999999998 2.3500000000000005 2.3550000000000004 2.3600000000000003 2.365 2.37 2.375 2.38 2.385 2.3900000000000006 2.3950000000000005 2.4000000000000004 2.4050000000000002 2.41 2.415 2.42 2.425 2.4299999999999997 2.4350000000000005 2.4400000000000004 2.4450000000000003 2.45 2.455 2.46 2.465 2.4699999999999998 2.4750000000000005 2.4800000000000004 2.4850000000000003 2.49 2.495 2.5 2.505 2.51 2.5150000000000006 2.5200000000000005 2.5250000000000004 2.5300000000000002 2.535 2.54 2.545 2.55 2.5549999999999997 2.5600000000000005 2.5650000000000004 2.5700000000000003 2.575 2.58 2.585 2.59 2.5949999999999998 2.6000000000000005 2.6050000000000004 2.6100000000000003 2.615 2.62 2.625 2.63 2.635 2.6400000000000006 2.6450000000000005 2.6500000000000004 2.6550000000000002 2.66 2.665 2.67 2.675 2.6799999999999997 2.6850000000000005 2.6900000000000004 2.6950000000000003 2.7 2.705 2.71 2.715 2.7199999999999998 2.7250000000000005 2.7300000000000004 2.7350000000000003 2.74 2.745 2.75 2.755 2.76 2.7650000000000006 2.7700000000000005 2.7750000000000004 2.7800000000000002 2.785 2.79 2.795 2.8 2.8050000000000006 2.8100000000000005 2.8150000000000004 2.8200000000000003 2.825 2.83 2.835 2.84 2.8449999999999998 2.8500000000000005 2.8550000000000004 2.8600000000000003 2.865 2.87 2.875 2.88 2.885 2.8900000000000006 2.8950000000000005 2.9000000000000004 2.9050000000000002 2.91 2.915 2.92 2.925 2.9300000000000006 2.9350000000000005 2.9400000000000004 2.9450000000000003 2.95 2.955 2.96 2.965 2.9699999999999998 2.9750000000000005 2.9800000000000004 2.9850000000000003 2.99 2.995 3.0 3.005000000000001 3.01 3.0150000000000006 3.0199999999999996 3.0250000000000004 3.0299999999999994 3.035 3.040000000000001 3.045 3.0500000000000007 3.0549999999999997 3.0600000000000005 3.0649999999999995 3.0700000000000003 3.0749999999999993 3.08 3.085000000000001 3.09 3.0950000000000006 3.0999999999999996 3.1050000000000004 3.1099999999999994 3.115 3.120000000000001 3.125 3.130000000000001 3.135 3.1400000000000006 3.1449999999999996 3.1500000000000004 3.1549999999999994 3.16 3.165000000000001 3.17 3.1750000000000007 3.1799999999999997 3.1850000000000005 3.1899999999999995 3.1950000000000003 3.1999999999999993 3.205 3.210000000000001 3.215 3.2200000000000006 3.2249999999999996 3.2300000000000004 3.2349999999999994 3.24 3.245000000000001 3.25 3.255000000000001 3.26 3.2650000000000006 3.2699999999999996 3.2750000000000004 3.2799999999999994 3.285 3.290000000000001 3.295 3.3000000000000007 3.3049999999999997 3.3100000000000005 3.3149999999999995 3.3200000000000003 3.3249999999999993 3.33 3.335000000000001 3.34 3.3450000000000006 3.3499999999999996 3.3550000000000004 3.3599999999999994 3.365 3.370000000000001 3.375 3.380000000000001 3.385 3.3900000000000006 3.3949999999999996 3.4000000000000004 3.4049999999999994 3.41 3.415000000000001 3.42 3.4250000000000007 3.4299999999999997 3.4350000000000005 3.4399999999999995 3.4450000000000003 3.4499999999999993 3.455 3.460000000000001 3.465 3.4700000000000006 3.4749999999999996 3.4800000000000004 3.4849999999999994 3.49 3.495000000000001 3.5 3.505000000000001 3.51 3.5150000000000006 3.5199999999999996 3.5250000000000004 3.5299999999999994 3.535 3.540000000000001 3.545 3.5500000000000007 3.5549999999999997 3.5600000000000005 3.5649999999999995 3.5700000000000003 3.575000000000001 3.58 3.585000000000001 3.59 3.5950000000000006 3.5999999999999996 3.6050000000000004 3.6099999999999994 3.615 3.620000000000001 3.625 3.630000000000001 3.635 3.6400000000000006 3.6449999999999996 3.6500000000000004 3.6549999999999994 3.66 3.665000000000001 3.67 3.6750000000000007 3.6799999999999997 3.6850000000000005 3.6899999999999995 3.6950000000000003 3.700000000000001 3.705 3.710000000000001 3.715 3.7200000000000006 3.7249999999999996 3.7300000000000004 3.7349999999999994 3.74 3.745000000000001 3.75 3.755000000000001 3.76 3.7650000000000006 3.7699999999999996 3.7750000000000004 3.7799999999999994 3.785 3.790000000000001 3.795 3.8000000000000007 3.8049999999999997 3.8100000000000005 3.8149999999999995 3.8200000000000003 3.825000000000001 3.83 3.835000000000001 3.84 3.8450000000000006 3.8499999999999996 3.8550000000000004 3.8599999999999994 3.865 3.870000000000001 3.875 3.880000000000001 3.885 3.8900000000000006 3.8949999999999996 3.9000000000000004 3.9049999999999994 3.91 3.915000000000001 3.92 3.9250000000000007 3.9299999999999997 3.9350000000000005 3.9399999999999995 3.9450000000000003 3.950000000000001 3.955 3.960000000000001 3.965 3.9700000000000006 3.9749999999999996 3.9800000000000004 3.9849999999999994 3.99 3.995000000000001 4.0 4.005000000000001 4.01 4.015000000000001 4.02 4.025 4.029999999999999 4.035 4.040000000000001 4.045 4.050000000000001 4.055 4.0600000000000005 4.0649999999999995 4.07 4.075000000000001 4.08 4.085000000000001 4.09 4.095000000000001 4.1 4.105 4.109999999999999 4.115 4.120000000000001 4.125 4.130000000000001 4.135 4.140000000000001 4.145 4.15 4.154999999999999 4.16 4.165000000000001 4.17 4.175000000000001 4.18 4.1850000000000005 4.1899999999999995 4.195 4.200000000000001 4.205 4.210000000000001 4.215 4.220000000000001 4.225 4.23 4.234999999999999 4.24 4.245000000000001 4.25 4.255000000000001 4.26 4.265000000000001 4.27 4.275 4.279999999999999 4.285 4.290000000000001 4.295 4.300000000000001 4.305 4.3100000000000005 4.3149999999999995 4.32 4.325000000000001 4.33 4.335000000000001 4.34 4.345000000000001 4.35 4.355 4.359999999999999 4.365 4.370000000000001 4.375 4.380000000000001 4.385 4.390000000000001 4.395 4.4 4.404999999999999 4.41 4.415000000000001 4.42 4.425000000000001 4.43 4.4350000000000005 4.4399999999999995 4.445 4.450000000000001 4.455 4.460000000000001 4.465 4.470000000000001 4.475 4.48 4.484999999999999 4.49 4.495000000000001 4.5 4.505000000000001 4.51 4.515000000000001 4.52 4.525 4.529999999999999 4.535 4.540000000000001 4.545 4.550000000000001 4.555 4.5600000000000005 4.5649999999999995 4.57 4.575000000000001 4.58 4.585000000000001 4.59 4.595000000000001 4.6 4.605 4.609999999999999 4.615 4.620000000000001 4.625 4.630000000000001 4.635 4.640000000000001 4.645 4.65 4.654999999999999 4.66 4.665000000000001 4.67 4.675000000000001 4.68 4.6850000000000005 4.6899999999999995 4.695 4.700000000000001 4.705 4.710000000000001 4.715 4.720000000000001 4.725 4.73 4.734999999999999 4.74 4.745000000000001 4.75 4.755000000000001 4.76 4.765000000000001 4.77 4.775 4.779999999999999 4.785 4.790000000000001 4.795 4.800000000000001 4.805 4.8100000000000005 4.8149999999999995 4.82 4.825000000000001 4.83 4.835000000000001 4.84 4.845000000000001 4.85 4.855 4.859999999999999 4.865 4.870000000000001 4.875 4.880000000000001 4.885 4.890000000000001 4.895 4.9 4.904999999999999 4.91 4.915000000000001 4.92 4.925000000000001 4.93 4.9350000000000005 4.9399999999999995 4.945 4.950000000000001 4.955 4.960000000000001 4.965 4.970000000000001 4.975 4.98 4.984999999999999 4.99 4.995000000000001 5.0
0.019970785507903495 0.02165533275644441 0.023316735243383867 0.021472256216582976 0.021598602102892987 0.022935373217255944 0.024347710057629434 0.023382702142225868 0.0203324561606013 0.01919765189425879 0.019309082444396934 0.020826661324000868 0.020930149470793358 0.022369038390700764 0.022478160524287978 0.02128330931601397 0.019784468084013195 0.020195486074350524 0.019838184861035116 0.020419253896914742 0.021209451464407173 0.021648169391404525 0.022392753269741703 0.021714777300813795 0.0216545555751381 0.021431963013100755 0.021375958074478767 0.0209066690330274 0.01628558261563391 0.018708925229534473 0.02024280190009005 0.02225107542091505 0.022895350557412614 0.023358508065743997 0.024542093311799885 0.023321185539319236 0.019884322605498796 0.019723059016662926 0.021165608308815684 0.023107880801819723 0.021499570783882958 0.022941213273529822 0.023532294877752196 0.022463065824866468 0.01974543398183427 0.020823214270722406 0.02080136908447786 0.01968806059425974 0.020154549181610023 0.020747908806074702 0.020204833762440283 0.019964852736479882 0.021732034276447112 0.02179172530862802 0.020898852633987122 0.021014327986323043 0.020099543883729653 0.0203373009624173 0.020946728567905956 0.023274320354913256 0.02332199937990906 0.021684334911913107 0.021323923463892856 0.022371809380285077 0.02187000217912101 0.020740779449988943 0.022626854712723066 0.022694296050348773 0.021328821677017752 0.02205500465130577 0.021216425406779565 0.021458924456762025 0.020884193810436474 0.01974824264140292 0.0221480736776561 0.02163417999696522 0.02191915004106888 0.022194953639569154 0.019478306820958996 0.01989613321171215 0.02028396502575486 0.020740041001138635 0.02139801582478089 0.02076122869357087 0.02195861827734385 0.021647113573903417 0.02071665253451587 0.019129710357171238 0.019430316781924594 0.01928326054710274 0.018701149382383705 0.020778746715014094 0.02245586280889305 0.02244425830108177 0.020723186924184 0.020721889179109127 0.021761442063724608 0.02106651449240932 0.020309458624250185 0.01809092456777411 0.019424057431901728 0.02088738971029221 0.02115520765818201 0.02309971862618435 0.02170699589637549 0.017484858473278284 0.01564154287118476 0.01889284796457371 0.020252037299906538 0.01983472772897211 0.021422815771124686 0.020331079384536113 0.018479604410367924 0.01837268123105064 0.018767342649001203 0.020021610044761606 0.019665556868912377 0.020784481889725315 0.018919307236040874 0.018825030624789914 0.019058954587237695 0.020177255231477505 0.01980267323978331 0.020737406105835455 0.019663149044386548 0.020649917620467625 0.020718091848655522 0.020214813200510422 0.020926648304637866 0.022041221375913675 0.021876301128559768 0.021978544987579042 0.02116606266949184 0.02004029878843532 0.018037227063966658 0.017507717175507045 0.018422301754972094 0.016486250935350735 0.01832231206108933 0.018052462485045113 0.017558693355199377 0.017259876677121786 0.017890547889130484 0.01749968647451101 0.017284734640598095 0.02006198309080459 0.021205892212167097 0.020649125807519958 0.0197792433298013 0.017245312464990746 0.019341835095002535 0.01980413920266669 0.01916415614419521 0.01912222049466364 0.0179654762119593 0.018395405635764195 0.018992593062363564 0.02059092281802971 0.01695404822004861 0.019444249937780354 0.0174746914187696 0.016732825035503166 0.01685977706419693 0.018281242666551893 0.017685507466087536 0.015294831862666714 0.016805612396380003 0.020149093558358075 0.019981487895740876 0.01827162924110734 0.017647086766040185 0.017841832279943286 0.018312890820724306 0.017642755952751547 0.016675553695319343 0.015628663649420706 0.016989622419375267 0.01617475528017149 0.016949425726073348 0.01828003505668877 0.018344458023336684 0.019034399069715442 0.016806194505414655 0.01872421595562038 0.016767788559876106 0.015567708016537157 0.016569974118065954 0.01644971462071496 0.015594027477040057 0.017008238597293623 0.016369425476425597 0.01782228074493538 0.020850263105645816 0.018895034964935917 0.016241746794071213 0.015488332913946587 0.015092249735007831 0.01632933843934388 0.016696863602391785 0.0157155221099461 0.017488100479459534 0.017193041513396047 0.01617570909884459 0.016739577310509027 0.016137586444891234 0.0162966262192505 0.015949334780426178 0.016060525269702128 0.014652869632436482 0.013160718144329127 0.012729658398395032 0.012532622841333762 0.016360385867611113 0.01658385405596491 0.016485072731488335 0.013347566301340765 0.01269536606930551 0.016264939354865875 0.015085822980050947 0.01423533656312998 0.015300641406600372 0.014906377250584947 0.015848404237559274 0.01616667772422791 0.01469933379208907 0.013925895712074097 0.012772626053165453 0.014250452509531168 0.016392819408271937 0.015983204861986563 0.014550807897626333 0.012710239289961315 0.013209798818907487 0.013145621492224927 0.010965330571954028 0.01227906547448091 0.014751766687209946 0.012420590869920688 0.014026903471643178 0.014034642644795007 0.013516561681893604 0.014272229606899611 0.013021783528823824 0.012589096902050966 0.012952112044279913 0.01327557356362652 0.013768434023040493 0.011093781674609261 0.00992474310758377 0.01129013757903256 0.009438491396811261 0.012081033058581195 0.011850228721559117 0.010300335862878979 0.013067054882478583 0.013410648284156404 0.013245130262643385 0.015077021664574941 0.014721801623260545 0.013399864952290253 0.011686837989793836 0.0104111226076074 0.012846441486542005 0.009996316527410678 0.009832446574924504 0.010160906469831837 0.011661044561150954 0.010171301678461114 0.012146280951243291 0.012051035735673427 0.013476754068659225 0.012363864871550855 0.01162629428596629 0.012832825516890474 0.013476126868250518 0.011519502797530492 0.01187474374992652 0.013687272046273721 0.012500036675727336 0.010512669344990223 0.007952785018574798 0.009790027121284437 0.013291442759406715 0.012352913304220786 0.012547554845775757 0.012087459823525526 0.011380312414471211 0.011449215930420486 0.01279914684025394 0.010982994048463165 0.007865612855310651 0.008170550166453492 0.010144639210252295 0.01110607510056068 0.0113920090092795 0.010932944881091092 0.008831717140734495 0.008709581527545491 0.008230084876486235 0.009435680885437739 0.008414610017872285 0.008174652908849583 0.008452740007615103 0.0071300290071492365 0.006583533463337156 0.0076527146861092386 0.00900698010940924 0.00955492685526129 0.006601080959208417 0.00443538986015999 0.005943239567048738 0.00548821573338469 0.007663444761533428 0.009604109643420403 0.007985502725777098 0.005365081243339852 0.006124535630291164 0.006082418795829155 0.00544229958497522 0.006433351986041474 0.007732706903241224 0.005914344983215822 0.005505106567970098 0.007227398459143803 0.007398378463498969 0.006078123844607396 0.005004916181263357 0.005416725104218895 0.006992647680589736 0.007191435218122856 0.006576862055744637 0.004857194914549176 0.00478917896244253 0.00695732450088827 0.006821360384544671 0.005832793857093 0.0056304859353921355 0.007195624338052975 0.0077754785484672375 0.004810695838130213 0.006212267851682719 0.007072519351403116 0.00848012718370049 0.005980579543537467 0.0026589434284343995 0.0027956523895756517 0.0028375053901672606 0.00024032229187211326 0.002299485578902756 0.004555150986452441 0.003359038749967858 0.004232978932985343 0.003320382694019422 0.004307528330092996 0.004664555452877315 0.004070896794963973 0.005420362359808092 0.006273081704313803 0.004191526020689025 0.004384376007046861 0.0029393489179631743 0.003613060543032647 0.00344225631061429 0.0024323301273403547 0.0014658100765712638 0.0015485750831474054 0.000791600090570075 0.0001513531550741133 0.002855980768158265 0.0031282048960673955 0.0021901637962902236 0.002698999244251856 0.0020293325985588882 -0.0007645815483104553 4.569450712553433e-05 0.001961738678117062 -0.0003433725656605869 -0.0008167523956490255 -0.0002659287921577127 0.0022747737144503183 0.0028399966926135082 8.713896243806539e-05 -0.000823696986752278 -0.002401037800402311 -0.0010239531598456434 -0.0016095903561125647 -0.00045172120388361505 -0.00018485787372974157 -0.0009154269132305647 -0.0013566261636452955 -0.004958991751508073 -0.004280044458767359 -0.002038069402955805 0.00010245543830555255 0.0008799152938989436 -0.002670591101069614 -0.002165020535879076 -0.004191610601895495 -0.0044318712910638184 -0.003360846828844026 -0.001999740749393273 0.0001348365056221044 -0.0005101707829161651 -0.0028030180398653792 -0.0020980419961730452 -0.0034469309392276344 -0.004579929042638141 -0.002990659901249982 -0.0026560785535819065 -0.004412165177225881 -0.002871415728507039 -0.0026153108757181885 -0.003079104787976695 -0.0031353332192737542 -0.002569165795514875 -0.0027182941145596907 -0.004305223563771127 -0.0054435144313063205 -0.006494007933386579 -0.005638958093523313 -0.004384798253915093 -0.00428718868265026 -0.003148405693612259 -0.0038087229586474735 -0.003966569955669284 -0.005921723571450469 -0.007141610477405985 -0.008427439645820444 -0.006343786064183351 -0.0025165663787776018 -0.0038361340542929917 -0.0053538490909979045 -0.004967182412814224 -0.004482594465986469 -0.004150028158776635 -0.005533430952266827 -0.006654203657625126 -0.007408310146891213 -0.007429716711038372 -0.008461602212381292 -0.009104609320851277 -0.0066156230845610155 -0.006076297412657116 -0.0088965780287959 -0.00907286724364856 -0.007234778890625862 -0.00962949023234061 -0.011349130882906082 -0.009945632077940558 -0.009227996529641699 -0.008791162088792343 -0.010036703568334858 -0.010391489473292768 -0.011793695294198322 -0.010274503132928959 -0.012265620188934526 -0.011516776069037405 -0.013588450782916914 -0.011480317068584083 -0.012520004248293411 -0.013811045281865924 -0.011638643228155556 -0.012488111577890275 -0.013180348218269492 -0.013358395031997258 -0.015656158130575065 -0.015551794474324735 -0.014885413748440407 -0.014458098093356658 -0.012625297878399392 -0.013793471056278006 -0.012534306266256444 -0.01442815951364235 -0.016754156821976268 -0.015829193700441366 -0.015819393509650233 -0.016718543067127323 -0.01696715536399932 -0.016713084832783585 -0.013519921749005747 -0.013813741811268756 -0.01703373844530572 -0.018701205465149442 -0.01847522110650137 -0.01509328400565347 -0.014476634197885998 -0.01566831542876071 -0.015156410092556558 -0.015856912794968626 -0.015834403638012105 -0.017475988063459208 -0.017121340070038335 -0.018099545548570236 -0.015469957473477463 -0.017670358330650317 -0.015282448835617682 -0.015714939600836943 -0.015955586449184166 -0.018730363965878134 -0.019584439078747396 -0.019477898417459998 -0.018673503780366956 -0.01605826169596109 -0.01690740079295787 -0.01967270740806991 -0.018776662644503807 -0.01673906853630811 -0.01771967898171503 -0.01772959961177813 -0.014847676332073274 -0.017364007475453105 -0.018082817474647992 -0.016821064665127942 -0.01963034774291212 -0.017165110424414664 -0.01487777836606466 -0.01332764180061555 -0.013109456415452862 -0.014100004900955558 -0.012047044771326 -0.010842923846824662 -0.008996096729634053 -0.008097283787304595 -0.007581259210279319 -0.0042473397295699645 -0.0017714416047593365 0.0024865232303300866 0.004004738475886233 0.004396167323988578 0.0035328476996556936 0.006969129572123998 0.009074574875697995 0.009081157989415008 0.011103091617366063 0.0118535635104287 0.011473222487274897 0.013197171561735338 0.012029018653883537 0.011263999304276342 0.0135444472720527 0.010988836670390132 0.010385186657149352 0.012530404656783893 0.008335314836567968 0.007672237689177439 0.00686547216503385 0.002974158078538016 0.0022840109732902084 -0.0003081983740421967 -0.0048190115899092575 -0.006640963111654915 -0.009038690086036725 -0.012925545659736524 -0.01391316961363277 -0.01646157091773438 -0.02119122451650924 -0.024410651172583352 -0.025822183465599224 -0.030850767162432152 -0.036780289214639626 -0.039751138528187076 -0.04158758629282075 -0.04458861417943517 -0.047947634971425554 -0.05285903019659419 -0.054669553095281466 -0.059150960097167984 -0.06255101995084117 -0.06812867306524784 -0.06804907808853315 -0.0666929702921455 -0.06890925717044699 -0.07063160567707848 -0.07477791363267494 -0.07794588531902766 -0.0747119272808831 -0.0737060758946246 -0.07508335388247886 -0.07607851761601028 -0.07730071314242531 -0.07664422717314362 -0.07393050328898008 -0.07458812432607637 -0.07462168064659111 -0.07036776888829711 -0.07042828121155739 -0.06954446442350884 -0.06875662210633518 -0.06922535398140474 -0.06619271903587592 -0.06661076904727777 -0.06553143236404242 -0.062163451085049726 -0.06023576885990985 -0.059903878328774855 -0.05787653478298956 -0.05666821540774491 -0.05501394933135572 -0.055027735407631326 -0.0546674985563453 -0.053876348980504404 -0.05454691799658837 -0.05574222568622397 -0.05371032513061363 -0.05083308548457162 -0.04703607408458878 -0.047244404276689335 -0.04862796175207643 -0.04780282089120442 -0.04617303495505231 -0.04545122759300209 -0.04527245323033637 -0.04638096132095245 -0.04790391705427648 -0.046280598230756274 -0.04576615360395692 -0.045862009302089786 -0.04304296264229493 -0.0423194226266739 -0.04491127924782908 -0.046209157288467195 -0.04353583620678489 -0.04498296113726129 -0.04659653681620518 -0.04449909502217764 -0.0452950195310955 -0.043895429242220396 -0.04388335474651672 -0.04334077524478196 -0.04487017504837121 -0.043246509617388296 -0.042031901433273476 -0.04344449046968451 -0.04394694063879212 -0.04443669367189572 -0.043657442089562196 -0.04329464672367056 -0.0431803706661943 -0.04585575095539178 -0.04603727411898235 -0.04367658341871847 -0.04389694950420355 -0.04508380798660775 -0.04354581006948765 -0.043738520339345416 -0.04428841230473031 -0.04658323439981812 -0.04663878792361197 -0.046286407884361364 -0.04717418015513511 -0.04705802516398582 -0.04510803888160795 -0.04358515960927095 -0.04568102054446608 -0.046027369320657895 -0.04537431005826559 -0.044492490857334095 -0.04635261214762933 -0.04649508478634844 -0.04703003561017672 -0.046111007880834255 -0.04554760209879766 -0.04547813854923459 -0.04628352472771284 -0.04498815470025244 -0.04749040755438287 -0.04832093778356084 -0.04695919147212112 -0.04611604491700883 -0.04688825636509576 -0.04775911289259176 -0.04832056981476403 -0.04718317370245647 -0.04734583611895962 -0.046918446845104975 -0.046800472717730225 -0.04611950575349068 -0.04879327016799517 -0.04921260862956989 -0.04721568829804627 -0.04447040933993412 -0.047046755468500505 -0.04926139050237008 -0.04848346225688363 -0.04543645383932615 -0.04820641429381924 -0.04889618811545668 -0.047159491919916474 -0.046668391598492814 -0.048208892964745065 -0.04979242163637307 -0.048532405052733166 -0.04813479775096115 -0.04744256193925447 -0.047510644112785404 -0.050125391707017124 -0.04853836542508911 -0.04853877282144932 -0.04933267597573473 -0.047895823752972966 -0.04786555153500122 -0.04683492583232324 -0.045019316194225105 -0.04550915200013047 -0.04700986420983288 -0.0471585300370734 -0.04483135788914031 -0.04457896481709617 -0.04569478899669368 -0.04559567115365971 -0.04381417991951596 -0.04345844489152107 -0.04380349139361776 -0.043298102017741674 -0.04395733496837283 -0.04411834279998505 -0.04377486627718107 -0.04400657013108433 -0.04538203897639165 -0.04490236953123619 -0.0453427419834129 -0.043129506609730126 -0.043307312619509625 -0.0430180651517973 -0.044788172553014795 -0.0456704983777028 -0.043917910977193345 -0.042554737405918815 -0.04307578064397672 -0.041223570466937476 -0.04368111657694954 -0.04578689433344469 -0.04532889790800923 -0.04550350689699291 -0.0447726692924235 -0.04498206720538797 -0.04428461873932912 -0.04429124684752777 -0.046066592772466254 -0.048355707275703534 -0.046188196744036895 -0.047278751700875615 -0.046403835662653756 -0.04645994277402499 -0.04692036250070704 -0.04564160374883652 -0.04737268628193182 -0.047008617085135825 -0.045746765881738094 -0.04671615807819885 -0.04576861097089752 -0.04592846195270725 -0.04745047393338793 -0.04516163801254525 -0.044920759476281866 -0.04585076709745876 -0.04783264516782469 -0.044824315063571304 -0.04251930285432515 -0.044186925529355034 -0.04596391673211409 -0.0482121190936223 -0.04464335551314626 -0.044627938026031023 -0.046454915014695314 -0.044402341643011434 -0.046950023195382835 -0.044530401142856085 -0.04535829831208844 -0.044193199432798015 -0.04231882303402204 -0.04377600756551277 -0.04320869691080365 -0.043699094551810355 -0.04440311793456339 -0.04461446095530384 -0.043732776947805675 -0.04463889603043734 -0.04400345345023368 -0.04311714884945867 -0.0425412105799467 -0.04372461855223823 -0.0427345371594097 -0.042361051237743266 -0.041928797673147895 -0.0406441051470107 -0.04186852907660561 -0.04259032709063943 -0.0432486653342416 -0.0441367815477798 -0.045965886616969424 -0.044193263883888285 -0.04323629562263436 -0.04333711037528851 -0.043894126243436984 -0.04484791599635224 -0.04179216688833541 -0.040066303626067695 -0.041234008762190896 -0.03896604979966413 -0.03902054197316232 -0.039785538434512116 -0.03788559857092693 -0.03850361053544683 -0.0364512332376526 -0.03548387811134427 -0.03508424475066297 -0.03420668755479596 -0.034435226773400066 -0.03497183476703582 -0.035003529781795995 -0.03600438158327075 -0.03573080910185259 -0.033653260247717164 -0.033875618327646816 -0.03291866847235731 -0.0323245923563453 -0.032154862135346865 -0.030879096080218396 -0.03079559991987947 -0.031071374946305363 -0.030264738981611698 -0.03016802235883608 -0.0315679520524671 -0.03197616223034383 -0.031902909454292055 -0.029557027667498653 -0.027539604883753007 -0.02671217394817689 -0.0260689775173922 -0.02379690298883203 -0.023977949823425215 -0.020387353119999885 -0.016280906702686934 -0.018460240460698725 -0.01882940095950073 -0.01727202269526614 -0.016849298051129575 -0.01567295799669955 -0.01502282808748986 -0.016742494438469514 -0.019233817536166098 -0.02022147925102093 -0.023337260285321654 -0.02615051097443404 -0.028592294543562435 -0.030532756418223426 -0.035424951221306386 -0.03594361910763462 -0.03776168050868757 -0.0390319036803123 -0.03990804562709154 -0.040279810717168935 -0.041271323169522894 -0.042291850794595194 -0.041181029685544206 -0.04001341269232322 -0.037444301736790975 -0.03744392480007419 -0.03818983225477403 -0.037775301025133136 -0.03600874823878022 -0.035682944376296905 -0.03385716297531777 -0.03312369044067771 -0.032548651696902506 -0.030249638720601973 -0.030171478584054025 -0.03150354203999045 -0.03094196274313961 -0.030442126320160173 -0.031062648029366133 -0.03082825966060069 -0.026764172810967376 -0.025173583834905804 -0.024437336634822535 -0.022910213170868166 -0.022522943180116106 -0.021177800934238367 -0.021467601944551513 -0.02479682572817074 -0.022947837297007632 -0.02410440691387699 -0.022995027111873557 -0.025503650518796914 -0.025970143774138685 -0.026510617122617024 -0.026857250106753452 -0.027295014480753898 -0.027789062355750557 -0.026785919564141957 -0.025680344484280637 -0.023770661566695547 -0.02416567987693616 -0.024277668691142777 -0.023400987783157485 -0.02141608322150269 -0.02202803814411864 -0.02179249467583886 -0.016091195576832407 -0.013786007976177378 -0.014807525821509314 -0.012873750085503873 -0.012624366221200622 -0.011664569966001162 -0.011453569164086477 -0.011740991965437066 -0.009354727824192858 -0.00877376910981732 -0.009968224256231959 -0.011808287992325637 -0.010687624532720789 -0.009795790984845038 -0.009202678647427012 -0.009022329826789263 -0.009991163647411818 -0.00827268657117294 -0.008232159928435259 -0.006968631194583144 -0.006471072936689533 -0.003409639660024388 -0.0016391903443989796 -0.0016480377474221756 -0.0009525308138524412 0.000862646356592815 0.0014855306997985892 0.00233633622950778 0.004816584398557187 0.004996375900963204 0.002547021773655916 0.0009866840219795703 0.0033789342034036287 0.00456397055006704 0.004567112184177133 0.006724149074706908 0.007863140704842802 0.008220567024072402 0.010620496550494752 0.011214747481121211 0.0122070966704768 0.014222331296762704 0.015659364324491883 0.01494922883853904 0.0122125245095935 0.013200688294560796 0.01276782791416384 0.012087606018766035 0.01282851137547047 0.007927055077105562 0.006437085024766213 0.002507950837289796 0.0054455221233092425 0.005001275130965648 0.0005820855004351037 -0.0006912975494061982 -0.001974389726956558 -0.003258298604452443 -0.00502515284946568 -0.003397762900211953 -0.004664619869366272 -0.006752534397134736 -0.010325518945207012 -0.01333185759231741 -0.015154413478875545 -0.014935661561779787 -0.019528790993286256 -0.0213272447063544 -0.023955472818185043 -0.027264111274330958 -0.02889802001253995 -0.03260550567280122 -0.03461013760528117 -0.038200492394145594 -0.04033200648591558 -0.040726886817536334 -0.039666167494926435 -0.04198352351758694 -0.04155212611458376 -0.04351502283456116 -0.0432640718823627 -0.043127027203199664 -0.0426848825021373 -0.03964963790559501 -0.039677014068303706 -0.04275337031713557 -0.042828760378840695 -0.043395897358829455 -0.040895916173222656 -0.04100083909005306 -0.04266033338370267 -0.04196315890042698 -0.042117584670539304 -0.04087392927592309 -0.04041668252414626 -0.040839383234982055 -0.04034316213457307 -0.04017938507130927 -0.038174850595968035 -0.04049962857945327 -0.04138681689804023 -0.03957976675950762 -0.03837393696934646 -0.036036881300165406 -0.03524694947287873 -0.03599969023034019 -0.03642288023345347 -0.03275010626604337 -0.03152422020430966 -0.031225988329943263 -0.02888906134408116 -0.023605446094066874 -0.018748259237583945 -0.014234663863401324 -0.00941351212195775 -0.009443709020889417 -0.005851923451851092 0.0019797165524319312 0.009238821806233932 0.014948718515983339 0.019332966485287116 0.023838814816217347 0.029861776612638762 0.03543341616244942 0.04024957613492246 0.04423244872768071 0.04528927768772942 0.047272345363236636 0.050279660289908976 0.04846788534627808 0.048200336879250086 0.04750333638736435 0.042561911246382096 0.03695374946166058 0.03036772057885512 0.025137938822662673 0.021109341105764227 0.014119170472334358 0.007304248818047288 -0.00015084900498934004 -0.006347238630516202 -0.011099476753081962 -0.016232205924131785 -0.02170568211152105 -0.026377594412879013 -0.02888219689267593 -0.03183617652480723 -0.03349116803709326 -0.032689285912687945 -0.02881398773229722 -0.025392334054530626 -0.021903335741611737 -0.018000606227834868 -0.01329417007780519 -0.007031010479828195 -0.0008084578164157382 0.005412993873047792 0.0101400838956979 0.013576783311741879 0.019261112765570423 0.023621800188900702 0.026909963332418477 0.03022894684953764 0.036206878986490394 0.03884695477941699 0.040495265444508766 0.04105402387473943 0.043394440618299036 0.046068501470408675 0.04607644652287962 0.04601978772622814 0.050525836254053456 0.05135241345626355 0.052768280686946986 0.053691476272743316 0.05515787472237404 0.057087926299967506 0.05659696864232688 0.05398002019729769 0.054629827249635 0.056189469471531944 0.05834818437048338 0.05854740503958217 0.05833351905641332 0.05758859579039608 0.05995749400601588 0.06297682815298787 0.06501927674574615 0.062045338110557534 0.060029612592590875 0.06254640837375272 0.06268859418685166 0.06386113114342105 0.0641294006437884 0.06206893348645046 0.0628091249248404 0.06107763466930102 0.06223442198512776 0.06297735144693599 0.06183783761280226 0.061957686917550964 0.057883266585531445 0.05723371886051954 0.056111043508421894 0.0520225896952776 0.04985356410553973 0.04604530981410973 0.04422288036527186 0.045326490793627064 0.04484718266408018 0.04239854796245518 0.03783478561740183 0.037852708378419496 0.03490132292216346 0.03105363796676665 0.028341399184675563 0.02809251294869225 0.02756813027528009 0.025297131099694677 0.026813814252600602 0.023607753054343567 0.023237476894667593 0.02306424094889805 0.022180661664326688 0.021196034994122013 0.020817249143928192 0.020738388307273863 0.018215742891191537 0.016377375112486752 0.015818330598566226 0.016006807473784003 0.0164258809016625 0.017031687690467152 0.015035876842954717 0.015079625200700957 0.015752160389805012 0.016852421335059507 0.020168421537601195 0.02241439983307741 0.0220076040332887 0.02238393256100634 0.021857437400214202 0.023333014422508604 0.02325692912426505 0.024898473715144868 0.026474676685881018 0.02421407088363021 0.024031545295237853 0.0261248121416891 0.026658726284455366 0.029106954732798566 0.02774798428896167 0.02796313295613808 0.031294572672985126 0.03395530360368567 0.03687404235135861 0.03680830716513725 0.03701035116364543 0.03668996132281801 0.0355020556093913 0.03827857369649815 0.038015138116746575 0.036560376368268505 0.0355357969220667 0.03630312007767738 0.0366954675885454 0.03840021091767232 0.038515569346795786 0.03722605807169599 0.039119955214440505 0.039684741216465286 0.040241182162379034 0.03969717452493759 0.04232672821235781 0.043929146726659984 0.04687800486856632 0.046975241017479664 0.045923873997315526 0.04782230599418173 0.047546157566392855 0.0488773342351625 0.049928301151505525 0.05039056936272815 0.05134703610546268 0.052119557150236494 0.05261609370107825 0.05243068406941409 0.049890128021882134 0.051053417524483266 0.04892323925230926 0.049348041565319356 0.04908575366496774 0.04728299342571033 0.04578625007894004 0.04468482389706749 0.04697510123708508 0.04581167277642296 0.042333108024409344 0.04274338193219504 0.044730808932490235 0.04727873427931316 0.045908767359870435 0.04564683364507882 0.04796487797478028 0.0477069972321562 0.048062547366162535 0.049356377486421556 0.04957238506831082 0.049834927724381715 0.05287122913954046 0.05562734305444369 0.05640577488317657 0.05529613234735488 0.054073310014223636 0.055666828647997366 0.05537287618365649 0.055916830503344526 0.05886225263035319 0.058664758277636425 0.06086714977907979 0.06064358139464617 0.06119214797298655 0.06129838058061665 0.05820125407275534 0.05909212175747311 0.05821392821303904 0.05457676056669869 0.04940961504809476 0.04628777759490382 0.04371058145510467 0.042286793789299074 0.03785164251753019 0.03498965662116579 0.031191612397089893 0.02847956395313843 0.028702866444404472 0.028311919664175383 0.029448935802554324 0.03009971688179202 0.029709006375416295 0.028409774931771183 0.03007012064265158 0.030171412473924273 0.028810786665276138 0.031800717003406885 0.0331085954248715 0.03369550717631556 0.034036773769987275 0.03492096269620122 0.0345686590529051 0.03746855347708448 0.03907340455136745 0.039445491388068604 0.03935022524298892 0.039204874936555105 0.037918545723363235 0.039755576051524896 0.04028791113872849 0.0388566362935253 0.03926381378122946 0.03928563417532653 0.04063789355000494 0.03974314765658242 0.0378847290067892 0.03884063296230879 0.03898842590567318 0.03866664283790867 0.039468224983739635 0.039260255436152504 0.0400228293733454 0.04000923919992296 0.0400838934446339 0.03946470550167516 0.0400509220736219 0.042270014201926484 0.04028413323793886 0.04108220499321336 0.041009728354100404 0.043375398535493055 0.04441833397013642 0.044532413257597145 0.041960257831416624 0.03980872275385509 0.03965965791299937 0.04288883982685366 0.04211504768534228 0.041658517486936615 0.04107219337344488 0.0431546620329605 0.04517256816539241 0.043432746423659824 0.040945771919297186 0.04004296122331022 0.03831392817611043 0.03825769605108787 0.04034878038822993 0.04089272190224597 0.042146205542733524 0.04035535246464644 0.03883704352613828 0.03898646603745807 0.039166788140512714 0.04083640043231371 0.04235434440372954 0.039216406902859345 0.037613896374095034 0.038721439341930015 0.03950293752428887 0.039574394962424195 0.03933859943467689 0.03826216290091019 0.03996702851105532 0.042113626830866946 0.040455036833543345 0.03985302011644996 0.03982898054466211 0.03817121923082662 0.040744761612814435 0.03931530304519066 0.03881498860546828 0.037986938895566126 0.036988978727172266 0.03782222085761212 0.03946075726025474 0.03830881937479634 0.03714267687352258 0.04000367233229629 0.0398850563715096 0.0390092437606168 0.03771482133831206 0.0370719809881073 0.03649382094111365 0.03653597170291284 0.03520212425187577 0.03644220825504967 0.03824883212987682 0.03657829638559117 0.037006577766372194 0.03758956156029747 0.03538717533519374 0.03219702562512392 0.03304430503067095 0.033719183558259036 0.03608618369221287 0.03380942730020791 0.031545564089190244 0.03015528210653868 0.030518311124380526 0.03427571274280497 0.035368611641259734 0.03337460983988764 0.03217438122178697 0.031370338910388845 0.033728559720563774 0.03348318294581674 0.030842264569422333 0.030636356051894253 0.031424456671058615 0.03135909487152834 0.02933559515032834 0.031476305589970256 0.03212045938021694 0.0311577635110106 0.030530098695880525 0.030462665772902197 0.03090438455969109 0.03131633508851178 0.030070934310476683 0.031107840471595608 0.031991655114944256 0.03039715039905505 0.03301491109317092 0.03277404992898119 0.032773869711136515 0.032237465932143605 0.03204731886582842 0.030698124786792624 0.028368596957213974 0.026949721269624104 0.028479087690527923 0.03078427499342088 0.03173521269133287 0.031307197099382754 0.030737312328494058 0.03014425608078207 0.02988198562318055 0.03188090229774274 0.03016864425434974 0.0303290819489656 0.029468888386788506 0.02906058900359916 0.028600398276687655 0.03014654520092784 0.030095203900717425 0.02721542752920425 0.028771702992106594 0.028053281969379097 0.026634809094904607 0.028120820641271558 0.029724396273790643 0.03152880650342146 0.029711316640916117 0.02833306131689523 0.02827150974261147 0.026571306834968025 0.026958446241784333 0.02781802545093109 0.02612594988145933 0.026973178592465483 0.02628924399964259 0.026570902270752872 0.024660764320242275 0.02325146067691544 0.023128600336996655 0.023000160285559384 0.02160062448518495 0.021969108199354128 0.023973644937583326 0.02258337856478228 0.02342386687092127 0.02375312064027 0.02189003930369071 0.022297786834416612 0.02377702881129788 0.022468350292646187 0.021856879284685337 0.023527987992210647 0.02251488803601524 0.022478771231539612 0.02268461264940391 0.022591126894479324 0.02282652874000129 0.020165235857340535 0.021104662907121218 0.022531856200363482 0.021253440724393835 0.01967380631377011 0.021767612944634498 0.02075578484285164 0.021161120199578415 0.02100116904662489 0.020609856106775952 0.019562397779116145 0.01914408590676927 0.02034578974157184 0.01853409820951396 0.017883452462463756 0.02021711413590871 0.019349349738259105 0.016836059339084438 0.017478564122816315 0.0161499082057732 0.01706409910632393 0.019912011414709777 0.022100790951323605 0.019847100140914332 0.019210757295911495 0.0194330896128856 0.02020676501317733 0.018403736955439936 0.018276890763659855 0.021599226628344355 0.021928329475559116 0.022048379271763324 0.02119366770905817 0.023628319796469573 0.023383820527787178 0.025054105192452384 0.02396298400097977 0.022236248221669426 0.02567008628789903 0.025968913174572512 0.025606112315467066 0.02608199633128138 0.028840960533839236 0.029427438339848244 0.03143234207466028 0.0319257488907648 0.032516240007225486 0.030885769263447292 0.02979465002394405 0.033034379840338794 0.03549150785583953 0.03705908518450301 0.03672284745998205 0.03909466396517112 0.039566532731933425 0.0384998750740589 0.03786858397506384 0.039617298247259534 0.04128182665926669 0.041635924567546834 0.04012782671067166 0.0400819317846135 0.042046035654728746 0.04254769935055328 0.043804639198392885 0.042983361084480136 0.04270759160200893 0.04202546234266132 0.03865628267397456 0.03980900325782523 0.04092061395878256 0.03926162854938216 0.037835482717395195 0.03524873195704008 0.0318846197482533 0.0285719148407828 0.02747561497054868 0.026941984957116312 0.02361267972013971 0.022657040605879756 0.02092782907347019 0.017892099391788565 0.014830005953777913 0.012522437395848424 0.007897056810818093 0.005784828814197875 0.004592547088930615 0.0015806268660240195 -0.004433081559158865 -0.007220498196527696 -0.009097647139710988 -0.012461952142832867 -0.01578992685397451 -0.018633687880042014 -0.019315069656256928 -0.022828952772644753 -0.025179832123228548 -0.02572675439383695 -0.026633959495547043 -0.028120893798950865 -0.029730018118450455 -0.03173392886390808 -0.031677153200236584 -0.03379086032299125 -0.033825682246235965 -0.034882663231331906 -0.03468031461652068 -0.03589444634639778 -0.038726335480587765 -0.041494703935206816 -0.03975211339350432 -0.0397943148591041 -0.04058073447172329 -0.03982886462575954 -0.04026268260379566 -0.039053601692346944 -0.03897200834733514 -0.03983456839208963 -0.035338860745571535 -0.032565808391580325 -0.03230431876305672 -0.03088429774761415 -0.02923715937687756 -0.029677127108782297 -0.026331382217283966 -0.024148142404462534 -0.02263591132642801 -0.022353018878853683 -0.023358580343538698 -0.021339792749399712 -0.01811130741565751 -0.01620765489523347 -0.014988774075578006 -0.016925354892945665 -0.01665911414950619 -0.015685147413829918 -0.016926969668363864 -0.016562269646362416 -0.0170102194014455 -0.016160059517202743 -0.01604224639807993 -0.013737488131847444 -0.012459793679457416 -0.013602028194974268 -0.015525321358197454 -0.01618627137805812 -0.01433589701369835 -0.013389706563905344 -0.013364979960288492 -0.013489810303597988 -0.01441459062761895 -0.013426653073375516 -0.011984650738407217 -0.012847649313800724 -0.014188693514102735 -0.015242277107422812 -0.0165805309680868 -0.016755760811331243 -0.015150685128705276 -0.013572185399279235 -0.014590381437020048 -0.01627333121519535 -0.013342179155744168 -0.014869938205948993 -0.017181661233655145 -0.015393444502141097 -0.014543967819227462 -0.017189576930793166 -0.018739738447386817 -0.018138715752274968 -0.01385957222103194 -0.015240697104492643 -0.01667517547403606 -0.017415522495647626 -0.016768364275922012 -0.017339644137630013 -0.016859619532861695 -0.0174565496448697 -0.01875315565173496 -0.020610925049401135 -0.018087625455518234 -0.0171356364762432 -0.016652937592151605 -0.01855984579452902 -0.019620602823979087 -0.01861218118926213 -0.020514924140025134 -0.022712417916112573 -0.02179482951514446 -0.02077883523623564 -0.02062782706285784 -0.019477962769637744 -0.01905233378520252 -0.01824362390247561 -0.018537664035887958 -0.020315080814799873 -0.021395817964889687 -0.022979529481473304 -0.022912459829486573 -0.02449473953462084 -0.02170218802672302 -0.019481320465832227 -0.02124780694994591 -0.02377319799098161 -0.024207615617276957 -0.024689060192430102 -0.02298027172936818 -0.022911603645439177 -0.02389303269439519 -0.022719820508588215 -0.02121423590377078 -0.021772121696367018 -0.021189468903074417 -0.022010302865049514 -0.027193706703256285 -0.02852246393850557 -0.025283231953687094 -0.026272787332912783 -0.02583826867969598 -0.023558283892226643 -0.021096385056792333 -0.024451683574122373 -0.025562328005486246 -0.025394962328863402 -0.024428652901592712 -0.02604285478169823 -0.024579424765346095 -0.02259393250513732 -0.022684162509482606 -0.024238389048079442 -0.0279353856762663 -0.030740096986737776 -0.028794087545648186 -0.026779731886471255 -0.02699557958223364 -0.028356237715891755 -0.02595656922527715 -0.024820858912491188 -0.024836016206327756 -0.025149027271488794 -0.025419821335923555 -0.025162141038270712 -0.026790291661352526 -0.026236393679886238 -0.025531652994791824 -0.027418713477379494 -0.026652263937804788 -0.026796278848119352 -0.025822004967654133 -0.026780212920691153 -0.027078360137038324 -0.026464197995925313 -0.02601390494779171 -0.02713945001403622 -0.02519248051439233 -0.02688396227486591 -0.028064627647458845 -0.030079630756088705 -0.02821487432479681 -0.02793926664925774 -0.02876675739646251 -0.027859744459972538 -0.027634402043248428 -0.02737380815522358 -0.028231199659675948 -0.028977015190158283 -0.027954161793527825 -0.030405690439792507 -0.03244022857074951 -0.02692202978311728 -0.02510081842750664 -0.02708197728458156 -0.027179845272753113 -0.027897377890087078 -0.026618989890475203 -0.02668089636102295 -0.028526277822635712 -0.029218473257443384 -0.030026077594809495 -0.030904618020321132 -0.029512677730595037 -0.028393311051781327 -0.029277952616946473 -0.03059513202483286 -0.030678433175553608 -0.030102914231579604 -0.031143589236366776 -0.03243472966459905 -0.033709084938421396 -0.031020116407628636 -0.028942121407502734 -0.030177282668400283 -0.03159521321296711 -0.031166834278043166 -0.03166308755004625 -0.03155736179459157 -0.03125266643672765 -0.030995770580392178 -0.03166575006214612 -0.03254522311144886 -0.03012311979974477 -0.03118393119590506 -0.031204116307916384 -0.03110694453124779 -0.02934537092119894 -0.030537614155802657 -0.031841007526761625 -0.03233878664851766 -0.034458246273780864 -0.03219641960885356 -0.03212926817462393 -0.0335145094748431 -0.031882606505018105 -0.03257808327141645 -0.03130759530618357 -0.03274391675378417 -0.03328778576960007 -0.032569108192365775 -0.032562400054451435 -0.030120362549594583 -0.03258796169006869 -0.03499557721466345 -0.03195301742708433 -0.033886202935102076 -0.03384249040232677 -0.03326307107820749 -0.03418421950736132 -0.03293562094758453 -0.03430710479094073 -0.03270108626650207 -0.034034976223622594 -0.0343847857224598 -0.034571313875218376 -0.03766441480357569 -0.03596949337931818 -0.03528093176335837 -0.03394566401002149 -0.03533086210386859 -0.03640496765461913 -0.035734618387882784 -0.034706588090562214 -0.03409272031094686 -0.03365314519257248 -0.034643209135750856 -0.03449292192258696 -0.03337889863073727 -0.0335241523209502 -0.033611881841385 -0.03486383366859296 -0.03531810805882484 -0.03479992581824858 -0.03345142019934472 -0.0313694503790909 -0.03267475112763313 -0.035180048054879 -0.03479170110295213 -0.03473992303093824 -0.03358780730212669 -0.036030373637416284 -0.03884724790271451 -0.037515100761265255 -0.03782484517822555 -0.036495168198648426 -0.035596812250071226 -0.03500176667240532 -0.034212964257846805 -0.03537492045058404 -0.03701631179454658 -0.0344295136070455 -0.03561186106417354 -0.037782593965796175 -0.03670297320185373 -0.034155212863904404 -0.03497494416656693 -0.03705315245675597 -0.03677986517594744 -0.03672373788619909 -0.03860035275162362 -0.039155384795698495 -0.036931680808259607 -0.03819041898119834 -0.040499976145747775 -0.03902465734438383 -0.03934287211046975 -0.038868349098103806 -0.037721972300229036 -0.03934332095099866 -0.039064892613622566 -0.03619222949724768 -0.03367605448102446 -0.0348000454103596 -0.035834572349028315 -0.038987088393474235 -0.03781969948201366 -0.037169426880505035 -0.03809627286317106 -0.03900347529165756 -0.0373235178931775 -0.03693712159661988 -0.03760788194137114 -0.0371783589604683 -0.03521318323354352 -0.035550011479873946 -0.03665763849081941 -0.03847908060934958 -0.03651171889139153 -0.03877459123975144 -0.039027407284164914 -0.03788591124062016 -0.038985609586746704 -0.039514274385121714 -0.040109441245342235 -0.038448120405572855 -0.03802240309569089 -0.03914514872613646 -0.03895581732643273 -0.03694660259691375 -0.03693149870671401 -0.037442085280988184 -0.03924745790174342 -0.03931383966315035 -0.03753900419155824 -0.036006221817872185 -0.03698110825617181 -0.036117839971609424 -0.034987160270177606 -0.037003775632040645 -0.038321363334203405 -0.03812095530649958 -0.03987669629996628 -0.040231765502440835 -0.04063895764840022 -0.04083150047298604 -0.04140718127574249 -0.04019473448442087 -0.03968591004372328 -0.03885395242087895 -0.03944929503288435 -0.040208835907380225 -0.04130610461909648 -0.04262729756607144 -0.04066357854198624 -0.03980764742207834 -0.039293428137846254 -0.04052913654849101 -0.041462959110872465 -0.040284006145772495 -0.038980912688449616 -0.040584022309807725 -0.04207387483534221 -0.04114671351831151 -0.04039957169922706 -0.04258373389674611 -0.04073672447458744 -0.040293768574883086 -0.03788995967459841 -0.03636432046860488 -0.036765765497421395 -0.03777410810478474 -0.03850679894995088 -0.03875361880487891 -0.03956628155942624 -0.041320365203878454 -0.04016450268210167 -0.03855748911897196 -0.040176085221274666 -0.040036169213678016 -0.03834767644035825 -0.03500699883584412 -0.03678010332801386 -0.04042055973347315 -0.039611585886279506 -0.04028995927133111 -0.0404642768248904 -0.04176399612970369 -0.04192304407840009 -0.04098135457539569 -0.04069548049434189 -0.03816103322379573 -0.038174655606590016 -0.039991698952277555 -0.039826135876608146 -0.04082701067873825 -0.039944704995374246 -0.03824762684060907 -0.03913432220280023 -0.03993588616860437 -0.03956034486717418 -0.040346310140748715 -0.04034321357467496 -0.0401051739366548 -0.03937062809168276 -0.04221682284490793 -0.040874980372176246 -0.040485236469605584 -0.04026058552786507 -0.039509087265264864 -0.03917104141114313 -0.03944758807052403 -0.04036410040718539 -0.040249669881524126 -0.038357083827742444 -0.03834179316054994 -0.039891872866162165 -0.040992527822574384 -0.04102651473402047 -0.041298722333459374 -0.0413754293032029 -0.041170959077592426 -0.040945703085973055 -0.039801755004515285 -0.04170375871206531 -0.04218540569261358 -0.042957106761940256 -0.04069977266536868 -0.040691064123486435 -0.04167021601363564 -0.040885096070900205 -0.03958727679306667 -0.03977674887481682 -0.04065969469133514 -0.042193157657186724 -0.0400029282943408 -0.039113162103527284 -0.04054019570564412 -0.04094869833957635 -0.039688672681785116 -0.03902257353450652 -0.041651594368572444 -0.04176796995861934 -0.04254045358604678 -0.04336429139068993 -0.04096757497552333 -0.03925643114962733 -0.03863821052837831 -0.039795114929717934 -0.03957074092235545 -0.038102552445706775 -0.038211712386774996 -0.038482334558132256 -0.040753639363780916 -0.04034158579046584 -0.03990708449682928 -0.041992659526090395 -0.041655270351628484 -0.04067887936331108 -0.04120525217540897 -0.042326564035020955 -0.04165855904878977 -0.040744045217796725 -0.03946645813749324 -0.04068070110855342 -0.0405628098416719 -0.039094952443023946 -0.03869954412330531 -0.0399687621034539 -0.04258375324149422 -0.042601348650881554 -0.040804277055445155 -0.03919054322914564 -0.04194048951885657 -0.043915655847763364 -0.041106401079646034 -0.041051057336423474 -0.04208820991222707 -0.04204644065530159 -0.0415407596362338 -0.04182759941349315 -0.04109990617258777 -0.0394268970699093
-5.0 -4.995 -4.99 -4.985 -4.98 -4.975 -4.97 -4.965 -4.96 -4.955 -4.95 -4.945 -4.94 -4.935 -4.93 -4.925 -4.92 -4.915 -4.91 -4.905 -4.9 -4.895 -4.89 -4.885 -4.88 -4.875 -4.87 -4.865 -4.86 -4.855 -4.85 -4.845 -4.84 -4.835 -4.83 -4.825 -4.82 -4.815 -4.81 -4.805 -4.8 -4.795 -4.79 -4.785 -4.78 -4.775 -4.77 -4.765 -4.76 -4.755 -4.75 -4.745 -4.74 -4.735 -4.73 -4.725 -4.72 -4.715 -4.71 -4.705 -4.7 -4.695 -4.69 -4.685 -4.68 -4.675 -4.67 -4.665 -4.66 -4.655 -4.65 -4.645 -4.64 -4.635 -4.63 -4.625 -4.62 -4.615 -4.61 -4.605 -4.6 -4.595 -4.59 -4.585 -4.58 -4.575 -4.57 -4.565 -4.56 -4.555 -4.55 -4.545 -4.54 -4.535 -4.53 -4.525 -4.52 -4.515 -4.51 -4.505 -4.5 -4.495 -4.49 -4.485 -4.48 -4.475 -4.47 -4.465 -4.46 -4.455 -4.45 -4.445 -4.4399999999999995 -4.435 -4.43 -4.425 -4.42 -4.415 -4.41 -4.405 -4.4 -4.395 -4.39 -4.385 -4.38 -4.375 -4.37 -4.365 -4.36 -4.355 -4.35 -4.345 -4.34 -4.335 -4.33 -4.325 -4.32 -4.3149999999999995 -4.31 -4.305 -4.3 -4.295 -4.29 -4.285 -4.28 -4.275 -4.27 -4.265 -4.26 -4.255 -4.25 -4.245 -4.24 -4.235 -4.23 -4.225 -4.22 -4.215 -4.21 -4.205 -4.2 -4.195 -4.1899999999999995 -4.185 -4.18 -4.175 -4.17 -4.165 -4.16 -4.155 -4.15 -4.145 -4.14 -4.135 -4.13 -4.125 -4.12 -4.115 -4.11 -4.105 -4.1 -4.095 -4.09 -4.085 -4.08 -4.075 -4.07 -4.0649999999999995 -4.06 -4.055 -4.05 -4.045 -4.04 -4.035 -4.03 -4.025 -4.02 -4.015 -4.01 -4.005 -4.0 -3.995 -3.99 -3.985 -3.98 -3.975 -3.9699999999999998 -3.965 -3.96 -3.955 -3.95 -3.9450000000000003 -3.94 -3.935 -3.9299999999999997 -3.925 -3.92 -3.915 -3.91 -3.9050000000000002 -3.9 -3.895 -3.8899999999999997 -3.885 -3.88 -3.875 -3.87 -3.865 -3.86 -3.855 -3.8499999999999996 -3.8449999999999998 -3.84 -3.835 -3.83 -3.825 -3.8200000000000003 -3.815 -3.81 -3.8049999999999997 -3.8 -3.795 -3.79 -3.785 -3.7800000000000002 -3.775 -3.77 -3.7649999999999997 -3.76 -3.755 -3.75 -3.745 -3.74 -3.735 -3.73 -3.7249999999999996 -3.7199999999999998 -3.715 -3.71 -3.705 -3.7 -3.6950000000000003 -3.69 -3.685 -3.6799999999999997 -3.675 -3.67 -3.665 -3.66 -3.6550000000000002 -3.65 -3.645 -3.6399999999999997 -3.635 -3.63 -3.625 -3.62 -3.615 -3.61 -3.605 -3.5999999999999996 -3.5949999999999998 -3.59 -3.585 -3.58 -3.575 -3.5700000000000003 -3.565 -3.56 -3.5549999999999997 -3.55 -3.545 -3.54 -3.535 -3.5300000000000002 -3.525 -3.52 -3.5149999999999997 -3.51 -3.505 -3.5 -3.495 -3.49 -3.485 -3.48 -3.4749999999999996 -3.4699999999999998 -3.465 -3.46 -3.455 -3.45 -3.4450000000000003 -3.44 -3.435 -3.4299999999999997 -3.425 -3.42 -3.415 -3.41 -3.4050000000000002 -3.4 -3.395 -3.3899999999999997 -3.385 -3.38 -3.375 -3.37 -3.365 -3.36 -3.355 -3.3499999999999996 -3.3449999999999998 -3.34 -3.335 -3.33 -3.325 -3.3200000000000003 -3.315 -3.31 -3.3049999999999997 -3.3 -3.295 -3.29 -3.285 -3.2800000000000002 -3.275 -3.27 -3.2649999999999997 -3.26 -3.255 -3.25 -3.245 -3.24 -3.235 -3.23 -3.2249999999999996 -3.2199999999999998 -3.215 -3.21 -3.205 -3.2 -3.1950000000000003 -3.19 -3.185 -3.1799999999999997 -3.175 -3.17 -3.165 -3.16 -3.1550000000000002 -3.15 -3.145 -3.1399999999999997 -3.135 -3.13 -3.125 -3.12 -3.115 -3.11 -3.105 -3.0999999999999996 -3.0949999999999998 -3.09 -3.085 -3.08 -3.075 -3.0700000000000003 -3.065 -3.06 -3.0549999999999997 -3.05 -3.045 -3.04 -3.035 -3.0300000000000002 -3.025 -3.02 -3.0149999999999997 -3.01 -3.005 -3.0 -2.995 -2.9899999999999998 -2.985 -2.98 -2.975 -2.9699999999999998 -2.965 -2.96 -2.955 -2.95 -2.945 -2.94 -2.935 -2.93 -2.925 -2.92 -2.915 -2.91 -2.905 -2.9 -2.895 -2.89 -2.885 -2.88 -2.875 -2.87 -2.8649999999999998 -2.86 -2.855 -2.85 -2.8449999999999998 -2.84 -2.835 -2.83 -2.8249999999999997 -2.82 -2.815 -2.81 -2.805 -2.8 -2.795 -2.79 -2.785 -2.78 -2.775 -2.77 -2.765 -2.76 -2.755 -2.75 -2.745 -2.7399999999999998 -2.735 -2.73 -2.725 -2.7199999999999998 -2.715 -2.71 -2.705 -2.6999999999999997 -2.695 -2.69 -2.685 -2.68 -2.675 -2.67 -2.665 -2.66 -2.655 -2.65 -2.645 -2.64 -2.635 -2.63 -2.625 -2.62 -2.6149999999999998 -2.61 -2.605 -2.6 -2.5949999999999998 -2.59 -2.585 -2.58 -2.5749999999999997 -2.57 -2.565 -2.56 -2.555 -2.55 -2.545 -2.54 -2.535 -2.53 -2.525 -2.52 -2.515 -2.51 -2.505 -2.5 -2.495 -2.4899999999999998 -2.485 -2.48 -2.475 -2.4699999999999998 -2.465 -2.46 -2.455 -2.4499999999999997 -2.445 -2.44 -2.435 -2.43 -2.425 -2.42 -2.415 -2.41 -2.405 -2.4 -2.395 -2.39 -2.385 -2.38 -2.375 -2.37 -2.3649999999999998 -2.36 -2.355 -2.35 -2.3449999999999998 -2.34 -2.335 -2.33 -2.3249999999999997 -2.32 -2.315 -2.31 -2.305 -2.3 -2.295 -2.29 -2.285 -2.28 -2.275 -2.27 -2.265 -2.26 -2.255 -2.25 -2.245 -2.2399999999999998 -2.235 -2.23 -2.225 -2.2199999999999998 -2.215 -2.21 -2.205 -2.1999999999999997 -2.195 -2.19 -2.185 -2.18 -2.175 -2.17 -2.165 -2.16 -2.155 -2.15 -2.145 -2.14 -2.135 -2.13 -2.125 -2.12 -2.1149999999999998 -2.11 -2.105 -2.1 -2.0949999999999998 -2.09 -2.085 -2.08 -2.0749999999999997 -2.07 -2.065 -2.06 -2.055 -2.05 -2.045 -2.04 -2.035 -2.03 -2.025 -2.02 -2.015 -2.01 -2.005 -2.0 -1.995 -1.9899999999999998 -1.9849999999999999 -1.98 -1.975 -1.9699999999999998 -1.9649999999999999 -1.96 -1.955 -1.9499999999999997 -1.9449999999999998 -1.94 -1.935 -1.9299999999999997 -1.9249999999999998 -1.92 -1.915 -1.9100000000000001 -1.9049999999999998 -1.9 -1.895 -1.8900000000000001 -1.8849999999999998 -1.88 -1.875 -1.87 -1.8649999999999998 -1.8599999999999999 -1.855 -1.85 -1.8449999999999998 -1.8399999999999999 -1.835 -1.83 -1.8249999999999997 -1.8199999999999998 -1.815 -1.81 -1.8049999999999997 -1.7999999999999998 -1.795 -1.79 -1.7850000000000001 -1.7799999999999998 -1.775 -1.77 -1.7650000000000001 -1.7599999999999998 -1.755 -1.75 -1.745 -1.7399999999999998 -1.7349999999999999 -1.73 -1.725 -1.7199999999999998 -1.7149999999999999 -1.71 -1.705 -1.6999999999999997 -1.6949999999999998 -1.69 -1.685 -1.6799999999999997 -1.6749999999999998 -1.67 -1.665 -1.6600000000000001 -1.6549999999999998 -1.65 -1.645 -1.6400000000000001 -1.6349999999999998 -1.63 -1.625 -1.62 -1.6149999999999998 -1.6099999999999999 -1.605 -1.6 -1.5949999999999998 -1.5899999999999999 -1.585 -1.58 -1.5749999999999997 -1.5699999999999998 -1.565 -1.56 -1.5549999999999997 -1.5499999999999998 -1.545 -1.54 -1.5350000000000001 -1.5299999999999998 -1.525 -1.52 -1.5150000000000001 -1.5099999999999998 -1.505 -1.5 -1.495 -1.4899999999999998 -1.4849999999999999 -1.48 -1.475 -1.4699999999999998 -1.4649999999999999 -1.46 -1.455 -1.4499999999999997 -1.4449999999999998 -1.44 -1.435 -1.4299999999999997 -1.4249999999999998 -1.42 -1.415 -1.4100000000000001 -1.4049999999999998 -1.4 -1.395 -1.3900000000000001 -1.3849999999999998 -1.38 -1.375 -1.37 -1.3649999999999998 -1.3599999999999999 -1.355 -1.35 -1.3449999999999998 -1.3399999999999999 -1.335 -1.33 -1.3249999999999997 -1.3199999999999998 -1.315 -1.31 -1.3049999999999997 -1.2999999999999998 -1.295 -1.29 -1.2850000000000001 -1.2799999999999998 -1.275 -1.27 -1.2650000000000001 -1.2599999999999998 -1.255 -1.25 -1.245 -1.2399999999999998 -1.2349999999999999 -1.23 -1.225 -1.2199999999999998 -1.2149999999999999 -1.21 -1.205 -1.1999999999999997 -1.1949999999999998 -1.19 -1.185 -1.1799999999999997 -1.1749999999999998 -1.17 -1.165 -1.1600000000000001 -1.1549999999999998 -1.15 -1.145 -1.1400000000000001 -1.1349999999999998 -1.13 -1.125 -1.12 -1.1149999999999998 -1.1099999999999999 -1.105 -1.1 -1.0949999999999998 -1.0899999999999999 -1.085 -1.08 -1.0749999999999997 -1.0699999999999998 -1.065 -1.06 -1.0549999999999997 -1.0499999999999998 -1.045 -1.04 -1.0349999999999997 -1.0299999999999998 -1.025 -1.02 -1.0150000000000001 -1.0099999999999998 -1.005 -1.0 -0.9950000000000001 -0.9900000000000002 -0.9850000000000003 -0.9799999999999995 -0.9749999999999996 -0.9699999999999998 -0.9649999999999999 -0.96 -0.9550000000000001 -0.9500000000000002 -0.9450000000000003 -0.9399999999999995 -0.9349999999999996 -0.9299999999999997 -0.9249999999999998 -0.9199999999999999 -0.915 -0.9100000000000001 -0.9050000000000002 -0.9000000000000004 -0.8949999999999996 -0.8899999999999997 -0.8849999999999998 -0.8799999999999999 -0.875 -0.8700000000000001 -0.8650000000000002 -0.8600000000000003 -0.8549999999999995 -0.8499999999999996 -0.8449999999999998 -0.8399999999999999 -0.835 -0.8300000000000001 -0.8250000000000002 -0.8200000000000003 -0.8149999999999995 -0.8099999999999996 -0.8049999999999997 -0.7999999999999998 -0.7949999999999999 -0.79 -0.7850000000000001 -0.7800000000000002 -0.7750000000000004 -0.7699999999999996 -0.7649999999999997 -0.7599999999999998 -0.7549999999999999 -0.75 -0.7450000000000001 -0.7400000000000002 -0.7350000000000003 -0.7299999999999995 -0.7249999999999996 -0.7199999999999998 -0.7149999999999999 -0.71 -0.7050000000000001 -0.7000000000000002 -0.6950000000000003 -0.6899999999999995 -0.6849999999999996 -0.6799999999999997 -0.6749999999999998 -0.6699999999999999 -0.665 -0.6600000000000001 -0.6550000000000002 -0.6499999999999995 -0.6449999999999996 -0.6399999999999997 -0.6349999999999998 -0.6299999999999999 -0.625 -0.6200000000000001 -0.6150000000000002 -0.6100000000000003 -0.6049999999999995 -0.5999999999999996 -0.5949999999999998 -0.5899999999999999 -0.585 -0.5800000000000001 -0.5750000000000002 -0.5700000000000003 -0.5649999999999995 -0.5599999999999996 -0.5549999999999997 -0.5499999999999998 -0.5449999999999999 -0.54 -0.5350000000000001 -0.5300000000000002 -0.5249999999999995 -0.5199999999999996 -0.5149999999999997 -0.5099999999999998 -0.5049999999999999 -0.5 -0.4950000000000001 -0.4900000000000002 -0.4850000000000003 -0.47999999999999954 -0.47499999999999964 -0.46999999999999975 -0.46499999999999986 -0.45999999999999996 -0.45500000000000007 -0.4500000000000002 -0.4450000000000003 -0.4399999999999995 -0.4349999999999996 -0.4299999999999997 -0.4249999999999998 -0.41999999999999993 -0.41500000000000004 -0.41000000000000014 -0.40500000000000025 -0.39999999999999947 -0.3949999999999996 -0.3899999999999997 -0.3849999999999998 -0.3799999999999999 -0.375 -0.3700000000000001 -0.3650000000000002 -0.3600000000000003 -0.35499999999999954 -0.34999999999999964 -0.34499999999999975 -0.33999999999999986 -0.33499999999999996 -0.33000000000000007 -0.3250000000000002 -0.3200000000000003 -0.3149999999999995 -0.3099999999999996 -0.3049999999999997 -0.2999999999999998 -0.29499999999999993 -0.29000000000000004 -0.28500000000000014 -0.28000000000000025 -0.27499999999999947 -0.2699999999999996 -0.2649999999999997 -0.2599999999999998 -0.2549999999999999 -0.25 -0.2450000000000001 -0.2400000000000002 -0.23500000000000032 -0.22999999999999954 -0.22499999999999964 -0.21999999999999975 -0.21499999999999986 -0.20999999999999996 -0.20500000000000007 -0.20000000000000018 -0.19500000000000028 -0.1899999999999995 -0.1849999999999996 -0.17999999999999972 -0.17499999999999982 -0.16999999999999993 -0.16500000000000004 -0.16000000000000014 -0.15500000000000025 -0.14999999999999947 -0.14499999999999957 -0.13999999999999968 -0.1349999999999998 -0.1299999999999999 -0.125 -0.1200000000000001 -0.11500000000000021 -0.11000000000000032 -0.10499999999999954 -0.09999999999999964 -0.09499999999999975 -0.08999999999999986 -0.08499999999999996 -0.08000000000000007 -0.07500000000000018 -0.07000000000000028 -0.0649999999999995 -0.05999999999999961 -0.054999999999999716 -0.04999999999999982 -0.04499999999999993 -0.040000000000000036 -0.03500000000000014 -0.03000000000000025 -0.024999999999999467 -0.019999999999999574 -0.01499999999999968 -0.009999999999999787 -0.004999999999999893 0.0 0.004999999999999893 0.009999999999999787 0.01499999999999968 0.020000000000000462 0.025000000000000355 0.03000000000000025 0.03500000000000014 0.040000000000000036 0.04499999999999993 0.04999999999999982 0.054999999999999716 0.0600000000000005 0.06500000000000039 0.07000000000000028 0.07500000000000018 0.08000000000000007 0.08499999999999996 0.08999999999999986 0.09499999999999975 0.10000000000000053 0.10500000000000043 0.11000000000000032 0.11500000000000021 0.1200000000000001 0.125 0.1299999999999999 0.1349999999999998 0.13999999999999968 0.14500000000000046 0.15000000000000036 0.15500000000000025 0.16000000000000014 0.16500000000000004 0.16999999999999993 0.17499999999999982 0.17999999999999972 0.1850000000000005 0.1900000000000004 0.19500000000000028 0.20000000000000018 0.20500000000000007 0.20999999999999996 0.21499999999999986 0.21999999999999975 0.22500000000000053 0.23000000000000043 0.23500000000000032 0.2400000000000002 0.2450000000000001 0.25 0.2549999999999999 0.2599999999999998 0.2649999999999997 0.27000000000000046 0.27500000000000036 0.28000000000000025 0.28500000000000014 0.29000000000000004 0.29499999999999993 0.2999999999999998 0.3049999999999997 0.3100000000000005 0.3150000000000004 0.3200000000000003 0.3250000000000002 0.33000000000000007 0.33499999999999996 0.33999999999999986 0.34499999999999975 0.35000000000000053 0.3550000000000004 0.3600000000000003 0.3650000000000002 0.3700000000000001 0.375 0.3799999999999999 0.3849999999999998 0.3899999999999997 0.39500000000000046 0.40000000000000036 0.40500000000000025 0.41000000000000014 0.41500000000000004 0.41999999999999993 0.4249999999999998 0.4299999999999997 0.4350000000000005 0.4400000000000004 0.4450000000000003 0.4500000000000002 0.45500000000000007 0.45999999999999996 0.46499999999999986 0.46999999999999975 0.47500000000000053 0.4800000000000004 0.4850000000000003 0.4900000000000002 0.4950000000000001 0.5 0.5049999999999999 0.5099999999999998 0.5149999999999997 0.5200000000000005 0.5250000000000004 0.5300000000000002 0.5350000000000001 0.54 0.5449999999999999 0.5499999999999998 0.5549999999999997 0.5600000000000005 0.5650000000000004 0.5700000000000003 0.5750000000000002 0.5800000000000001 0.585 0.5899999999999999 0.5949999999999998 0.6000000000000005 0.6050000000000004 0.6100000000000003 0.6150000000000002 0.6200000000000001 0.625 0.6299999999999999 0.6349999999999998 0.6399999999999997 0.6450000000000005 0.6500000000000004 0.6550000000000002 0.6600000000000001 0.665 0.6699999999999999 0.6749999999999998 0.6799999999999997 0.6850000000000005 0.6900000000000004 0.6950000000000003 0.7000000000000002 0.7050000000000001 0.71 0.7149999999999999 0.7199999999999998 0.7250000000000005 0.7300000000000004 0.7350000000000003 0.7400000000000002 0.7450000000000001 0.75 0.7549999999999999 0.7599999999999998 0.7649999999999997 0.7700000000000005 0.7750000000000004 0.7800000000000002 0.7850000000000001 0.79 0.7949999999999999 0.7999999999999998 0.8049999999999997 0.8100000000000005 0.8150000000000004 0.8200000000000003 0.8250000000000002 0.8300000000000001 0.835 0.8399999999999999 0.8449999999999998 0.8500000000000005 0.8550000000000004 0.8600000000000003 0.8650000000000002 0.8700000000000001 0.875 0.8799999999999999 0.8849999999999998 0.8899999999999997 0.8950000000000005 0.9000000000000004 0.9050000000000002 0.9100000000000001 0.915 0.9199999999999999 0.9249999999999998 0.9299999999999997 0.9350000000000005 0.9400000000000004 0.9450000000000003 0.9500000000000002 0.9550000000000001 0.96 0.9649999999999999 0.9699999999999998 0.9750000000000005 0.9800000000000004 0.9850000000000003 0.9900000000000002 0.9950000000000001 1.0 1.005 1.0099999999999998 1.0150000000000006 1.0200000000000005 1.0250000000000004 1.0300000000000002 1.0350000000000001 1.04 1.045 1.0499999999999998 1.0549999999999997 1.0600000000000005 1.0650000000000004 1.0700000000000003 1.0750000000000002 1.08 1.085 1.0899999999999999 1.0949999999999998 1.1000000000000005 1.1050000000000004 1.1100000000000003 1.1150000000000002 1.12 1.125 1.13 1.1349999999999998 1.1400000000000006 1.1450000000000005 1.1500000000000004 1.1550000000000002 1.1600000000000001 1.165 1.17 1.1749999999999998 1.1799999999999997 1.1850000000000005 1.1900000000000004 1.1950000000000003 1.2000000000000002 1.205 1.21 1.2149999999999999 1.2199999999999998 1.2250000000000005 1.2300000000000004 1.2350000000000003 1.2400000000000002 1.245 1.25 1.255 1.2599999999999998 1.2650000000000006 1.2700000000000005 1.2750000000000004 1.2800000000000002 1.2850000000000001 1.29 1.295 1.2999999999999998 1.3049999999999997 1.3100000000000005 1.3150000000000004 1.3200000000000003 1.3250000000000002 1.33 1.335 1.3399999999999999 1.3449999999999998 1.3500000000000005 1.3550000000000004 1.3600000000000003 1.3650000000000002 1.37 1.375 1.38 1.3849999999999998 1.3900000000000006 1.3950000000000005 1.4000000000000004 1.4050000000000002 1.4100000000000001 1.415 1.42 1.4249999999999998 1.4299999999999997 1.4350000000000005 1.4400000000000004 1.4450000000000003 1.4500000000000002 1.455 1.46 1.4649999999999999 1.4699999999999998 1.4750000000000005 1.4800000000000004 1.4850000000000003 1.4900000000000002 1.495 1.5 1.505 1.5099999999999998 1.5150000000000006 1.5200000000000005 1.5250000000000004 1.5300000000000002 1.5350000000000001 1.54 1.545 1.5499999999999998 1.5549999999999997 1.5600000000000005 1.5650000000000004 1.5700000000000003 1.5750000000000002 1.58 1.585 1.5899999999999999 1.5949999999999998 1.6000000000000005 1.6050000000000004 1.6100000000000003 1.6150000000000002 1.62 1.625 1.63 1.6349999999999998 1.6400000000000006 1.6450000000000005 1.6500000000000004 1.6550000000000002 1.6600000000000001 1.665 1.67 1.6749999999999998 1.6799999999999997 1.6850000000000005 1.6900000000000004 1.6950000000000003 1.7000000000000002 1.705 1.71 1.7149999999999999 1.7199999999999998 1.7250000000000005 1.7300000000000004 1.7350000000000003 1.7400000000000002 1.745 1.75 1.755 1.7599999999999998 1.7650000000000006 1.7700000000000005 1.7750000000000004 1.7800000000000002 1.7850000000000001 1.79 1.795 1.7999999999999998 1.8049999999999997 1.8100000000000005 1.8150000000000004 1.8200000000000003 1.8250000000000002 1.83 1.835 1.8399999999999999 1.8449999999999998 1.8500000000000005 1.8550000000000004 1.8600000000000003 1.8650000000000002 1.87 1.875 1.88 1.8849999999999998 1.8900000000000006 1.8950000000000005 1.9000000000000004 1.9050000000000002 1.9100000000000001 1.915 1.92 1.9249999999999998 1.9299999999999997 1.9350000000000005 1.9400000000000004 1.9450000000000003 1.9500000000000002 1.955 1.96 1.9649999999999999 1.9699999999999998 1.9750000000000005 1.9800000000000004 1.9850000000000003 1.9900000000000002 1.995 2.0 2.005 2.01 2.0150000000000006 2.0200000000000005 2.0250000000000004 2.0300000000000002 2.035 2.04 2.045 2.05 2.0549999999999997 2.0600000000000005 2.0650000000000004 2.0700000000000003 2.075 2.08 2.085 2.09 2.0949999999999998 2.1000000000000005 2.1050000000000004 2.1100000000000003 2.115 2.12 2.125 2.13 2.135 2.1400000000000006 2.1450000000000005 2.1500000000000004 2.1550000000000002 2.16 2.165 2.17 2.175 2.1799999999999997 2.1850000000000005 2.1900000000000004 2.1950000000000003 2.2 2.205 2.21 2.215 2.2199999999999998 2.2250000000000005 2.2300000000000004 2.2350000000000003 2.24 2.245 2.25 2.255 2.26 2.2650000000000006 2.2700000000000005 2.2750000000000004 2.2800000000000002 2.285 2.29 2.295 2.3 2.3049999999999997 2.3100000000000005 2.3150000000000004 2.3200000000000003 2.325 2.33 2.335 2.34 2.3449999999999998 2.3500000000000005 2.3550000000000004 2.3600000000000003 2.365 2.37 2.375 2.38 2.385 2.3900000000000006 2.3950000000000005 2.4000000000000004 2.4050000000000002 2.41 2.415 2.42 2.425 2.4299999999999997 2.4350000000000005 2.4400000000000004 2.4450000000000003 2.45 2.455 2.46 2.465 2.4699999999999998 2.4750000000000005 2.4800000000000004 2.4850000000000003 2.49 2.495 2.5 2.505 2.51 2.5150000000000006 2.5200000000000005 2.5250000000000004 2.5300000000000002 2.535 2.54 2.545 2.55 2.5549999999999997 2.5600000000000005 2.5650000000000004 2.5700000000000003 2.575 2.58 2.585 2.59 2.5949999999999998 2.6000000000000005 2.6050000000000004 2.6100000000000003 2.615 2.62 2.625 2.63 2.635 2.6400000000000006 2.6450000000000005 2.6500000000000004 2.6550000000000002 2.66 2.665 2.67 2.675 2.6799999999999997 2.6850000000000005 2.6900000000000004 2.6950000000000003 2.7 2.705 2.71 2.715 2.7199999999999998 2.7250000000000005 2.7300000000000004 2.7350000000000003 2.74 2.745 2.75 2.755 2.76 2.7650000000000006 2.7700000000000005 2.7750000000000004 2.7800000000000002 2.785 2.79 2.795 2.8 2.8050000000000006 2.8100000000000005 2.8150000000000004 2.8200000000000003 2.825 2.83 2.835 2.84 2.8449999999999998 2.8500000000000005 2.8550000000000004 2.8600000000000003 2.865 2.87 2.875 2.88 2.885 2.8900000000000006 2.8950000000000005 2.9000000000000004 2.9050000000000002 2.91 2.915 2.92 2.925 2.9300000000000006 2.9350000000000005 2.9400000000000004 2.9450000000000003 2.95 2.955 2.96 2.965 2.9699999999999998 2.9750000000000005 2.9800000000000004 2.9850000000000003 2.99 2.995 3.0 3.005000000000001 3.01 3.0150000000000006 3.0199999999999996 3.0250000000000004 3.0299999999999994 3.035 3.040000000000001 3.045 3.0500000000000007 3.0549999999999997 3.0600000000000005 3.0649999999999995 3.0700000000000003 3.0749999999999993 3.08 3.085000000000001 3.09 3.0950000000000006 3.0999999999999996 3.1050000000000004 3.1099999999999994 3.115 3.120000000000001 3.125 3.130000000000001 3.135 3.1400000000000006 3.1449999999999996 3.1500000000000004 3.1549999999999994 3.16 3.165000000000001 3.17 3.1750000000000007 3.1799999999999997 3.1850000000000005 3.1899999999999995 3.1950000000000003 3.1999999999999993 3.205 3.210000000000001 3.215 3.2200000000000006 3.2249999999999996 3.2300000000000004 3.2349999999999994 3.24 3.245000000000001 3.25 3.255000000000001 3.26 3.2650000000000006 3.2699999999999996 3.2750000000000004 3.2799999999999994 3.285 3.290000000000001 3.295 3.3000000000000007 3.3049999999999997 3.3100000000000005 3.3149999999999995 3.3200000000000003 3.3249999999999993 3.33 3.335000000000001 3.34 3.3450000000000006 3.3499999999999996 3.3550000000000004 3.3599999999999994 3.365 3.370000000000001 3.375 3.380000000000001 3.385 3.3900000000000006 3.3949999999999996 3.4000000000000004 3.4049999999999994 3.41 3.415000000000001 3.42 3.4250000000000007 3.4299999999999997 3.4350000000000005 3.4399999999999995 3.4450000000000003 3.4499999999999993 3.455 3.460000000000001 3.465 3.4700000000000006 3.4749999999999996 3.4800000000000004 3.4849999999999994 3.49 3.495000000000001 3.5 3.505000000000001 3.51 3.5150000000000006 3.5199999999999996 3.5250000000000004 3.5299999999999994 3.535 3.540000000000001 3.545 3.5500000000000007 3.5549999999999997 3.5600000000000005 3.5649999999999995 3.5700000000000003 3.575000000000001 3.58 3.585000000000001 3.59 3.5950000000000006 3.5999999999999996 3.6050000000000004 3.6099999999999994 3.615 3.620000000000001 3.625 3.630000000000001 3.635 3.6400000000000006 3.6449999999999996 3.6500000000000004 3.6549999999999994 3.66 3.665000000000001 3.67 3.6750000000000007 3.6799999999999997 3.6850000000000005 3.6899999999999995 3.6950000000000003 3.700000000000001 3.705 3.710000000000001 3.715 3.7200000000000006 3.7249999999999996 3.7300000000000004 3.7349999999999994 3.74 3.745000000000001 3.75 3.755000000000001 3.76 3.7650000000000006 3.7699999999999996 3.7750000000000004 3.7799999999999994 3.785 3.790000000000001 3.795 3.8000000000000007 3.8049999999999997 3.8100000000000005 3.8149999999999995 3.8200000000000003 3.825000000000001 3.83 3.835000000000001 3.84 3.8450000000000006 3.8499999999999996 3.8550000000000004 3.8599999999999994 3.865 3.870000000000001 3.875 3.880000000000001 3.885 3.8900000000000006 3.8949999999999996 3.9000000000000004 3.9049999999999994 3.91 3.915000000000001 3.92 3.9250000000000007 3.9299999999999997 3.9350000000000005 3.9399999999999995 3.9450000000000003 3.950000000000001 3.955 3.960000000000001 3.965 3.9700000000000006 3.9749999999999996 3.9800000000000004 3.9849999999999994 3.99 3.995000000000001 4.0 4.005000000000001 4.01 4.015000000000001 4.02 4.025 4.029999999999999 4.035 4.040000000000001 4.045 4.050000000000001 4.055 4.0600000000000005 4.0649999999999995 4.07 4.075000000000001 4.08 4.085000000000001 4.09 4.095000000000001 4.1 4.105 4.109999999999999 4.115 4.120000000000001 4.125 4.130000000000001 4.135 4.140000000000001 4.145 4.15 4.154999999999999 4.16 4.165000000000001 4.17 4.175000000000001 4.18 4.1850000000000005 4.1899999999999995 4.195 4.200000000000001 4.205 4.210000000000001 4.215 4.220000000000001 4.225 4.23 4.234999999999999 4.24 4.245000000000001 4.25 4.255000000000001 4.26 4.265000000000001 4.27 4.275 4.279999999999999 4.285 4.290000000000001 4.295 4.300000000000001 4.305 4.3100000000000005 4.3149999999999995 4.32 4.325000000000001 4.33 4.335000000000001 4.34 4.345000000000001 4.35 4.355 4.359999999999999 4.365 4.370000000000001 4.375 4.380000000000001 4.385 4.390000000000001 4.395 4.4 4.404999999999999 4.41 4.415000000000001 4.42 4.425000000000001 4.43 4.4350000000000005 4.4399999999999995 4.445 4.450000000000001 4.455 4.460000000000001 4.465 4.470000000000001 4.475 4.48 4.484999999999999 4.49 4.495000000000001 4.5 4.505000000000001 4.51 4.515000000000001 4.52 4.525 4.529999999999999 4.535 4.540000000000001 4.545 4.550000000000001 4.555 4.5600000000000005 4.5649999999999995 4.57 4.575000000000001 4.58 4.585000000000001 4.59 4.595000000000001 4.6 4.605 4.609999999999999 4.615 4.620000000000001 4.625 4.630000000000001 4.635 4.640000000000001 4.645 4.65 4.654999999999999 4.66 4.665000000000001 4.67 4.675000000000001 4.68 4.6850000000000005 4.6899999999999995 4.695 4.700000000000001 4.705 4.710000000000001 4.715 4.720000000000001 4.725 4.73 4.734999999999999 4.74 4.745000000000001 4.75 4.755000000000001 4.76 4.765000000000001 4.77 4.775 4.779999999999999 4.785 4.790000000000001 4.795 4.800000000000001 4.805 4.8100000000000005 4.8149999999999995 4.82 4.825000000000001 4.83 4.835000000000001 4.84 4.845000000000001 4.85 4.855 4.859999999999999 4.865 4.870000000000001 4.875 4.880000000000001 4.885 4.890000000000001 4.895 4.9 4.904999999999999 4.91 4.915000000000001 4.92 4.925000000000001 4.93 4.9350000000000005 4.9399999999999995 4.945 4.950000000000001 4.955 4.960000000000001 4.965 4.970000000000001 4.975 4.98 4.984999999999999 4.99 4.995000000000001 5.0
0.6294861019630407 0.6294902625989435 0.6295177297843423 0.6295452273192504 0.6295682809567589 0.6295968894660317 0.6296268149579035 0.6296527324813319 0.6296807303226796 0.6297032910112064 0.6297259225151014 0.6297610773117757 0.6297857219971003 0.6298134246207059 0.6298538813771286 0.6298821486846411 0.629916964119218 0.629944508557828 0.629980863537841 0.6300105802623978 0.6300485621578753 0.630089304015172 0.630129074689732 0.6301649771869406 0.6301957497051892 0.6302305734169023 0.6302612760392251 0.6302927465947831 0.6303325135902846 0.6303692594347674 0.6303985852949214 0.630438620837459 0.6304796202052868 0.6305198865877804 0.630555117718052 0.6305961970981578 0.6306355916231631 0.630673770330311 0.6307168380601929 0.630752556621241 0.6307968420083694 0.6308333846033607 0.6308737935360873 0.6309140176129677 0.6309606969292338 0.6310054182452182 0.6310451594897598 0.6310820184548865 0.6311097643031381 0.6311595438634142 0.6312099635212197 0.6312502170279931 0.6312811210601575 0.6313205762835592 0.6313658503277271 0.6314066547233133 0.6314473597935085 0.6314752279596164 0.631515007830815 0.6315538579045252 0.63159789589765 0.6316450635641797 0.6316871821834422 0.6317262198720426 0.6317760352994873 0.6318146830436275 0.6318640064417888 0.6319098948323947 0.6319538270620619 0.6320071198024025 0.6320613984404083 0.6321025982984957 0.6321394866934412 0.6321795084404256 0.6322255476588204 0.632274062657498 0.6323158437540135 0.6323632459391269 0.632410893678992 0.6324504657020993 0.6324957047982241 0.6325399166107164 0.6325846222917609 0.6326290171206601 0.6326782494705004 0.6327133619615894 0.6327542997106965 0.6328050182646071 0.6328442674797895 0.6329101193802055 0.6329611644203893 0.6330047508498814 0.633063339111945 0.6331018479839999 0.6331495628604371 0.6331979399069491 0.6332543632403566 0.6333000732128077 0.6333479453546644 0.6333945271843273 0.633431552611488 0.6334869560189971 0.6335247650139088 0.6335759314521694 0.6336231506205787 0.6336807722979202 0.6337354463986579 0.6337903816882902 0.6338458890196437 0.6338914334494751 0.6339557448843425 0.6340068129165285 0.6340632914307628 0.63411501703475 0.6341593005820039 0.6342073630977876 0.6342666061722497 0.6343028075650863 0.6343462588012931 0.6343996499472426 0.6344567106193034 0.6345159592115579 0.6345583684494192 0.6346006424945143 0.6346540722668664 0.6347162528012369 0.6347592166067573 0.6348151460712432 0.6348696178419615 0.634921996418881 0.6349747437878339 0.6350377483563906 0.6350910696063357 0.635138329240839 0.6352008610932559 0.6352667148326246 0.6353293883162481 0.6353800949137935 0.6354247306988833 0.6354760590005233 0.6355331785319251 0.6355909639121483 0.6356290193814572 0.635682033457888 0.635744462305801 0.635812469937228 0.6358705394986158 0.6359357853289399 0.63599543950043 0.6360483220627206 0.636111273289327 0.6361581006735646 0.6362240666138435 0.6362882676866392 0.6363504629357996 0.6364152875521975 0.6364762118026095 0.6365340937491348 0.6365899358436886 0.6366547889701755 0.6367063039670956 0.6367685148508198 0.6368239127394405 0.6368780129589955 0.6369350166102963 0.6370014120413644 0.6370584386847695 0.6371203138851327 0.6371671559840276 0.6372238322288649 0.6372905835762538 0.6373424894372509 0.6374170166851988 0.6374730114465994 0.6375309881203769 0.6375943440063653 0.6376595199405817 0.6377315061105904 0.6377967841294633 0.6378536838566772 0.6379158873830644 0.63797325982625 0.6380256255275504 0.6380897217566999 0.6381492756825272 0.6382156987036899 0.6382843363160704 0.638343948181775 0.6384130805822509 0.6384747608097984 0.6385412941926674 0.6386136887008309 0.6386760908776528 0.6387260810435937 0.6387806217895057 0.6388487112719606 0.6389197915563425 0.6389703427274461 0.6390482102554499 0.6391090857623847 0.6391715026542927 0.6392398616032342 0.639296547964418 0.6393597079580164 0.6394272649453865 0.6394981116307961 0.6395652290107074 0.6396218086887772 0.6396900857860947 0.6397560581634737 0.6398169447063528 0.6398754180070975 0.6399429952273339 0.6400074354166512 0.6400654194473269 0.6401193991877898 0.6401803740195051 0.6402466342571274 0.6403222706398568 0.6403952105182741 0.6404652276512757 0.6405372827966567 0.6406118974135251 0.6406826052266498 0.6407441189919177 0.6408037851185073 0.6408745683454963 0.6409432151541935 0.6410064891881239 0.6410794355040728 0.6411420933517435 0.6412164118315038 0.6412843845141829 0.641356332976633 0.6414314396223815 0.6414975894981074 0.6415697458083964 0.6416299315542388 0.6416976770755424 0.6417627003420947 0.6418361000607062 0.6419027759933765 0.6419732649223189 0.6420336447209429 0.6421048445631352 0.6421791069420391 0.6422517322893418 0.6423250317625063 0.642395710145713 0.6424587708134444 0.6425425279761441 0.6426167839172564 0.6426787887915344 0.6427546734869888 0.6428284006117011 0.6429042071343422 0.6429755486072957 0.6430443232511395 0.6431165558945289 0.6431968798888349 0.6432613550252353 0.6433340144001599 0.6434120686226072 0.6434836749631505 0.6435484066906187 0.6436334983098886 0.6437155531433949 0.6437953547587318 0.6438710288472757 0.6439501232282688 0.6440115514622989 0.6440819741739362 0.6441514578914325 0.6442286356578258 0.6443044201080254 0.6443734366276678 0.64445399606012 0.6445226998882143 0.6446057544144816 0.644671692762617 0.6447496872055647 0.6448223990023079 0.6448864841940569 0.6449695966599972 0.6450374985267402 0.6451168752498342 0.6451936032920714 0.6452590634060016 0.6453335667406589 0.6454117322438242 0.6454860231323533 0.6455654780279165 0.6456429252606765 0.6457183326414949 0.6458027234634268 0.6458821222580602 0.6459621409180585 0.6460402089349365 0.6461023931463903 0.6461838124800491 0.6462553967480716 0.646331688861513 0.6464198770449276 0.6465039321830164 0.6465797322671001 0.6466593821348247 0.6467303005536656 0.6468081598031212 0.646877545114189 0.6469610539620979 0.6470250766151738 0.6471084088845407 0.6471815869590707 0.6472658573024956 0.6473433183299313 0.6474181803398199 0.6474876548598161 0.6475722783603697 0.6476629303679743 0.6477447865492262 0.6478280332879107 0.6479006227662758 0.6479836331469253 0.6480519773792983 0.6481258019889786 0.6482127044583157 0.6482978908033614 0.6483736200717437 0.6484519042132862 0.648519559604665 0.6485940767339664 0.6486904666293535 0.6487667302321091 0.6488422921183182 0.648923053879509 0.6490094919098112 0.6490987358862423 0.6491915197133937 0.6492667882216248 0.6493586606450948 0.6494458574120294 0.6495404677250398 0.6496211513131394 0.6497162913622192 0.6497919875220783 0.6498669994392373 0.6499551903808855 0.6500296008267541 0.6501147237134602 0.6501355434452728 0.6502669262714984 0.6503559623995894 0.6504405196825819 0.6505300533578222 0.6506150484087255 0.650694965902513 0.6507867509561316 0.6508773063965334 0.6509650209432695 0.6510580733170093 0.651149559474295 0.6512277875144832 0.6513121139574459 0.6513844661579924 0.6514722680741951 0.6515449476806381 0.6516369111519407 0.6517233418240411 0.6517990214288482 0.651890285023017 0.651976602574784 0.6520813330536241 0.6521669663625269 0.6522523007753366 0.6523352624118077 0.6524189138088063 0.6525085412910759 0.6525984695087685 0.6526898830108895 0.6527795960231035 0.652865817007601 0.6529531646015512 0.6530456476922806 0.6531327570885005 0.653233003203741 0.6533283759310416 0.6534120392840265 0.6535111753447457 0.6536001939984244 0.6536849646466178 0.6537775562593953 0.653869567553743 0.6539662315124929 0.6540560116614096 0.6541503359526449 0.6542355940313812 0.6543188049009976 0.65439152589247 0.6544806806583149 0.6545678167250443 0.6546594343958523 0.6547513141755604 0.6548462684477884 0.654933804575565 0.6550210933092806 0.6551106085897113 0.6551917419004856 0.6552822504360928 0.6553647660267842 0.6554589404096405 0.655547218719394 0.6556431230216728 0.655739036520763 0.6558271327338961 0.6559270210927015 0.6560216470385324 0.6561094903393007 0.6562110911436574 0.6563046337054586 0.656399648676394 0.6565017212765403 0.6565822301236918 0.656682278506769 0.6567727649697045 0.6568665282546774 0.6569616112816826 0.6570531415821297 0.6571525415898498 0.6572428008915544 0.6573246616691852 0.6574255920255798 0.6575221428628112 0.6576193852995746 0.6577209042516735 0.6578118901009632 0.6579029522836297 0.6579962226200096 0.6580780153411749 0.6581669245515479 0.6582661544184104 0.6583590311310845 0.6584602061224021 0.6585589945423602 0.6586477998284752 0.658754838703795 0.6588448239401673 0.6589448622061828 0.6590383891329884 0.6591429338343203 0.6592424717937008 0.6593482810558389 0.659443518588172 0.6595350498074585 0.6596353501821617 0.659731706046348 0.6598289043383381 0.6599286657801587 0.6600283766393649 0.6601264486276859 0.6602357802663935 0.6603293099515839 0.6604287798542557 0.6605272463856606 0.6606274170853113 0.6607295926884166 0.6608199752264685 0.66090700920699 0.6609991639696638 0.6611079759885904 0.6612164707175142 0.6613232346077016 0.661427671705481 0.6615240284891027 0.6616175140293501 0.661720505389403 0.6618172925833836 0.6619142278458408 0.6620172403583158 0.6621080082422665 0.6622035161601622 0.6622957444968423 0.6624061402054485 0.6625021465901428 0.6626079420558418 0.662703113370719 0.662811745131486 0.6629173640188416 0.6630281837000512 0.6631301440974856 0.6632325551384847 0.6633284989848387 0.6634297797382708 0.6635343235183865 0.663632966627776 0.6637308868677971 0.6638206780503213 0.6639159339755833 0.6640196353280572 0.664110045455653 0.6642153488919964 0.6643094680916386 0.6644065477432297 0.6645282748366219 0.6646319679121229 0.6647396661966817 0.6648342912204891 0.6649392083906025 0.6650317172289998 0.6651163076172982 0.6652299212878284 0.6653382955377315 0.665437873961287 0.6655322074463625 0.6656160344993574 0.6657064179558276 0.665803516000721 0.6659145232960898 0.6660016897094235 0.6661097301146948 0.6662152128879951 0.6663018799148941 0.6663999896082671 0.6665011940271619 0.6665945416143086 0.6666989593974955 0.6668025697007801 0.66690669870405 0.6670066679918029 0.6671032087098863 0.6671849057823159 0.6672676172623441 0.6673503600113655 0.6674240825326219 0.6675171045524123 0.6675998813298839 0.6676776237752682 0.6677550213404981 0.6678419394397186 0.6679340574134407 0.66800532806612 0.6680977596509684 0.6681878184594414 0.6682691982417799 0.6683539909588586 0.6684415684688457 0.668526283932968 0.6686315248295547 0.6687126480206411 0.6688033855532918 0.6689068707795808 0.6689985804148474 0.6690952618436855 0.6692018344378795 0.6692919539452422 0.669394012746578 0.6694961230501568 0.6696003274662806 0.669696136117712 0.669817257139644 0.6699316589746922 0.6700472738687643 0.6701653829366264 0.6702884601197199 0.6704130474180684 0.6705419857255228 0.6706652762738862 0.670790814522004 0.6709158708571161 0.6710390896703462 0.6711782318344748 0.6713089506434002 0.6714381151919654 0.6715784308685053 0.6717145932668704 0.671847333533554 0.6719813116903656 0.6721089219781328 0.6722381012410944 0.6723714429786516 0.672516266928985 0.6726436564934188 0.6727774939387832 0.6729092473880585 0.6730334051946051 0.6731753634200556 0.6733152450063726 0.673448505811709 0.6735843086144484 0.6737009369953507 0.6738218280961146 0.6739503654216357 0.6740784806135811 0.674205801201431 0.6743312226486268 0.6744555846238806 0.6745908144651143 0.6747200387919337 0.6748475883800702 0.674964763970582 0.675086482783511 0.6751992016016763 0.6753216497211972 0.6754280659678675 0.67554206406151 0.6756613346843268 0.6757837303818515 0.675911922826279 0.6760302314628083 0.6761503224405045 0.6762757015815283 0.6763877140850519 0.676507397644049 0.676621395737559 0.6767333254689069 0.6768451825457709 0.6769621622437025 0.6770682667180674 0.6771879493574574 0.6772980250128224 0.6774149118228264 0.677529160069256 0.6776267703731477 0.6777402506860942 0.6778535617777214 0.6779666907724585 0.6780797756223428 0.678193466542153 0.678311796330629 0.6784294014108493 0.6785538185655761 0.6786637176418152 0.6787843043266639 0.6789065611513367 0.679006661950063 0.6791215227031079 0.6792288246009462 0.6793287175513723 0.6794622450622159 0.6795698007917496 0.6796768571347204 0.6797914189911615 0.6799135075138748 0.6800218376147769 0.6801271189738197 0.68024283778843 0.680352352437514 0.6804707741937314 0.6805797968137545 0.6806954650457693 0.680804083006061 0.6809116488517482 0.6810237735543481 0.6811347238247022 0.6812491854356455 0.6813657089706959 0.6814764100075894 0.6815973682422877 0.6817185996222509 0.6818248310112105 0.6819425666851898 0.6820624369374644 0.6821771128335167 0.6822969968811556 0.6824055688570035 0.6825215654143636 0.6826498856920331 0.6827497841597866 0.6828676734197722 0.6829846319630702 0.6830935754898143 0.6832167731461529 0.6833280692155723 0.6834346160544938 0.6835332288085578 0.6836476784627796 0.6837467032335947 0.6838694079410851 0.6839937055353762 0.6841017928389417 0.6842083737055957 0.6843148672028742 0.684436070991454 0.6845565252400593 0.6846703596277658 0.6847932317167899 0.6848929140591232 0.6849985209841313 0.6851151328071963 0.6852133252670156 0.6853311731406098 0.6854433603802053 0.6855575166558106 0.6856608519695544 0.6857659668648661 0.6858772390220329 0.6859861549574087 0.6861006745066078 0.6862086771991058 0.6863249974831641 0.6864351798186025 0.686551329041778 0.6866601833581655 0.6867657755678609 0.6868797718187309 0.6869807821793842 0.6871038510793441 0.6872022734587531 0.6873142519302613 0.6874254468336793 0.6875383173952427 0.6876442875932682 0.6877537065935186 0.6878643101422388 0.687982362184143 0.6880847998888219 0.6881892461756659 0.6883065100511416 0.688421946521406 0.6885232980829434 0.6886357345548886 0.6887361038975391 0.688831814138207 0.6889357040181221 0.6890518477224837 0.689150640732442 0.689250655078078 0.689344265687567 0.6894474271805721 0.689563190137158 0.6896685248349357 0.6897823803735942 0.6898825299121825 0.6899881285585924 0.6900965239536285 0.6901954457187064 0.6903104692515839 0.6904135075067984 0.6905213768443732 0.6906228194538943 0.6907273917363987 0.6908328993339374 0.6909371984711367 0.6910288841889937 0.6911333626638787 0.6912415741222581 0.6913413235995343 0.6914508492812741 0.69155070912029 0.6916623362724001 0.691758007885699 0.6918651111288853 0.6919770813218796 0.6920813832177709 0.6921915949812083 0.692294076829506 0.6923966129385001 0.6924992373368257 0.6926194064820917 0.6927199174545431 0.6928198766183827 0.6929168753306879 0.6930113329654958 0.6931202433806084 0.6932318337449632 0.6933337426318374 0.6934302116077492 0.6935396995822257 0.6936315683158406 0.6937347141727189 0.69383969111372 0.6939367440865657 0.6940383007355059 0.6941403291804605 0.6942431651048722 0.6943558581660199 0.6944565687085641 0.6945468666275099 0.6946453947678155 0.6947495219238861 0.6948428649051995 0.6949475742188138 0.6950485891754058 0.6951536452085165 0.6952465688153546 0.6953431711446328 0.6954509669061122 0.6955390483946746 0.6956399943752263 0.6957401052856496 0.6958398409665406 0.695931145935605 0.6960320937549913 0.6961256537803724 0.696217404794309 0.6963100331833287 0.6963965181061277 0.6965005450162862 0.6965971335499903 0.6966804658075694 0.6967747588184428 0.6968573829221929 0.6969531593778118 0.697059707132464 0.6971546632325969 0.6972621214709983 0.6973649518765209 0.6974589184006617 0.6975389729165973 0.697636979597433 0.6977331276037958 0.6978239580171333 0.6979137703437366 0.6980024827325982 0.698087727925771 0.698187106769902 0.6982822118581067 0.6983739509155232 0.698465336815728 0.6985479379269123 0.6986320463946699 0.6987171425993132 0.6988012942918025 0.6988887936218158 0.6989723098150978 0.6990571806980034 0.6991281901550727 0.699218968146193 0.6993060103946621 0.6993808549197005 0.699463024700647 0.6995310176054743 0.6996046582684355 0.6996946113060744 0.6997707994843125 0.6998376565833202 0.699911703745319 0.6999783962214949 0.700050741054353 0.700127448852313 0.7002030843022602 0.7002832813681985 0.7003639180413882 0.7004345587063361 0.7005308327079799 0.7006291953045627 0.7007080238855353 0.7007930400773789 0.7008837178228187 0.7009693750318517 0.7010610331566992 0.7011675036566667 0.7012597880837217 0.7013475725137475 0.7014384912151831 0.7015267051359945 0.7016082201036021 0.7016917730832921 0.7017795519952835 0.7018715522409888 0.7019580408411399 0.7020406585058214 0.7021188994104842 0.7022183177997506 0.702304306093422 0.7023838032819312 0.7024679632505366 0.7025532875350124 0.7026418969184486 0.7027219937386098 0.7027978397951785 0.7028680813183934 0.7029425846411508 0.7030209543012803 0.7030987206505939 0.7031708171691736 0.7032470982342489 0.7033058658225677 0.7033794595813075 0.703462292450918 0.7035422862664829 0.7036212270478913 0.7036903925444487 0.7037602698738935 0.703833105815666 0.7038967035661736 0.7039593273750533 0.7040293426566091 0.7041112668814579 0.7041831969378093 0.7042498581440823 0.7043209558896001 0.7043957719035842 0.7044655370313841 0.7045343870770665 0.7046044262704072 0.7046818642937992 0.704752639231343 0.7048155352651906 0.7048849913807136 0.7049598671735798 0.7050123827729097 0.7050765323316665 0.7051505454642967 0.7052106364725929 0.705278346114629 0.7053439910737445 0.7054030180114408 0.7054752736346414 0.7055397772699658 0.7056046938420739 0.70566056535579 0.7057222943147735 0.7057889270109109 0.7058461320611621 0.7059118800244303 0.7059666212506484 0.7060272649868098 0.7060846861621756 0.706142079747001 0.7062006201735355 0.7062598034569334 0.7063255229097206 0.7063820667095781 0.7064371831654841 0.7064926187505898 0.7065544240432269 0.7066039129738746 0.7066374647600895 0.7066843684686738 0.7067352461167841 0.7067755088120612 0.7068204940668227 0.7068618217522182 0.706902108358994 0.7069430672522974 0.7069866325204794 0.7070214681808259 0.707066412969416 0.7071051002519148 0.7071278182010036 0.7071736431242068 0.7072090204760811 0.7072471826207526 0.7073030642506768 0.707341790159474 0.7073813594153245 0.7074222097862051 0.707471044823325 0.7075215923058806 0.7075579748687985 0.7076106339377839 0.7076525060738168 0.7076976228428158 0.7077394039306137 0.7077865872216816 0.7078383468434295 0.7078847925507226 0.7079273553668274 0.7079830227110862 0.7080301903676957 0.7080779217882714 0.7081259879727693 0.7081684201941651 0.7082380372532666 0.7082924795832338 0.7083509740254931 0.7084003709877691 0.708460647770788 0.7085156511054728 0.708570346347435 0.7086289962159574 0.7086781227916775 0.7087387849210398 0.708791754842208 0.7088538663879104 0.7089091833336026 0.7089738056073787 0.7090230839306917 0.7090844321417018 0.7091414983197952 0.7091942603929664 0.7092594353946152 0.7093096444345555 0.7093723988367396 0.7094421078636458 0.7094940937263897 0.7095623533365317 0.7096161252189502 0.7096698023744351 0.7097242005594826 0.7097730401949416 0.709825426119009 0.709872169802463 0.7099250587916484 0.7099778263827071 0.7100252147622893 0.7100728238655617 0.710122846210375 0.7101654283395754 0.710211327756518 0.7102554549488483 0.710303076927282 0.7103612660352829 0.7104062356550039 0.7104548435307385 0.7104861917619348 0.710523613563664 0.7105785764324278 0.7106081156518124 0.7106360399123522 0.7106660913939868 0.7106884856152917 0.7107149954071571 0.710745789990797 0.7107582369472655 0.7107716964722028 0.7108006001924047 0.7108148543212084 0.7108209140963576 0.7108252053260286 0.7108349640563663 0.7108374490330469 0.7108321010907377 0.7108367215657184 0.7108484870388192 0.710841687840284 0.7108467764328266 0.7108421486002744 0.7108387862480108 0.7108279652867341 0.7108224913480843 0.7108221869337867 0.7108208809873158 0.7108040821024456 0.7108160379497033 0.7108141498453371 0.7108064337254864 0.7108079236081668 0.7108003049744868 0.710799931584113 0.7108034199325447 0.710794579963313 0.7108032856593783 0.7108103947900717 0.7108167415054992 0.7108251234742844 0.7108302488539137 0.7108403414283183 0.7108467957463283 0.7108554591369494 0.7108609992925428 0.7108557644709272 0.7108584720104704 0.7108389554696632 0.7108338392870399 0.7108138996929826 0.7108049502815713 0.7107799027820367 0.7107496857576857 0.7107299319391084 0.7107075699065037 0.7106823430694127 0.710664457122152 0.7106293225662914 0.7105965635451255 0.7105492928845579 0.7105199385207468 0.7104839293486033 0.7104448797124868 0.7104041001573189 0.7103749370871439 0.7103434646990885 0.7103010536305515 0.7102564408467852 0.7102131450456727 0.7101796511996104 0.7101368750180591 0.7101005329215342 0.7100569685735412 0.7100270559636044 0.7099968315822067 0.7099577644720121 0.7099244775541068 0.7098894193315638 0.7098481155585348 0.709800220434757 0.7097579031734275 0.7097155629203964 0.7096749433895188 0.709621795970169 0.7095826129802938 0.7095518790956074 0.7095070649015706 0.7094591927698368 0.7094182430736481 0.7093802289978576 0.7093322961670349 0.7092793014143421 0.7092341588947616 0.7091921110998644 0.7091347929291452 0.7090878708276205 0.7090484478009438 0.7089942032024005 0.708950430086908 0.7089021762878049 0.7088622253646755 0.7088185773254476 0.7087880715213466 0.7087496757780595 0.7087189216603433 0.7086844382380239 0.7086462273502825 0.7086174266341433 0.708585238734387 0.7085527574565544 0.7085197170129944 0.7085000993072389 0.7084646244693694 0.7084224037746372 0.7083825567752481 0.708344525225207 0.7083019329793656 0.7082690001384275 0.7082428517809184 0.7082159961890993 0.7081806307930495 0.7081560486516608 0.7081271256180682 0.7080890094573843 0.7080578378050263 0.708031547816713 0.707996240360462 0.7079530034187249 0.7079292388733944 0.7078952943836626 0.7078531288694957 0.7078120872049062 0.7077650630183847 0.7077298613253613 0.7076934778428985 0.7076532832042822 0.7076149417221074 0.7075706673803897 0.7075271149880303 0.7075039666284277 0.7074532103782384 0.7074183958708219 0.7073691837642438 0.7073260038423749 0.707282895655847 0.7072398656417971 0.7071957145371808 0.7071529263995566 0.7070965223908322 0.7070418933658513 0.7069965825439831 0.7069564228529739 0.7069027944404017 0.7068603557810219 0.7068099407323042 0.7067390131282332 0.7066918574272407 0.706645370334165 0.7065975441859793 0.7065383231957587 0.7064865350638194 0.7064305485901009 0.7063663824775204 0.7063175354840862 0.7062672059654286 0.7062119120112572 0.7061545202656201 0.7060940328751049 0.7060331399056778 0.7059701997272304 0.7059153269866519 0.7058565998647176 0.7057784674833123 0.7057031667982014 0.7056457042369688 0.7055862496477364 0.7055194633651025 0.705465662052146 0.7053973454213147 0.7053296035903494 0.7052648764725501 0.7052036119519087 0.7051354479878402 0.7050793649475168 0.7050100826515818 0.7049439235911672 0.7048841038887275 0.7048126106808228 0.7047485963155082 0.7046931892399758 0.7046301570935061 0.7045674909796784 0.7045107531265897 0.7044459607111775 0.7043811848501781 0.704308107952224 0.7042390491386379 0.7041675219024356 0.7040933873715098 0.7040140345733875 0.7039311161736409 0.7038581652716794 0.7037783839021952 0.7037111920400115 0.7036404823994815 0.7035678616631212 0.7034970131508554 0.7034071300101148 0.7033251018609921 0.7032408784344957 0.7031628150281705 0.7030651541489829 0.7029760315838856 0.7028796803295283 0.7027911665928854 0.7027059535895511 0.7026229413821155 0.702530685465341 0.7024461613029388 0.7023505835000551 0.7022702696353785 0.7021888953788696 0.702102277103754 0.7020285030876718 0.7019431631686607 0.7018835531527753 0.7018052699426817 0.7017220250558943 0.7016476973918504 0.7015768663533511 0.7015041996324473 0.7014303961861734 0.7013669124757635 0.701296165128043 0.7012147421282319 0.7011448316900142 0.7010588102872276 0.7009792165319968 0.7009098808940658 0.7008258294470558 0.7007490508341679 0.7006686155713091 0.7005919132917839 0.7005199740380587 0.7004372598065056 0.700354689965123 0.7002719748140345 0.7001877495471909 0.7000999844299782 0.7000194038573021 0.6999315890772386 0.6998581415470986 0.6997643626385459 0.6996858329534337 0.6995978084862531 0.6995077414083994 0.6994213052292851 0.6993397580723475 0.6992510042983587 0.6991685126293797 0.6990802104183702 0.6989970059968673 0.698914123463628 0.698818264237 0.698734556750208 0.6986393376217239 0.6985588848844324 0.6984582092908825 0.6983657280512845 0.6982596364588165 0.698164475269968 0.6980721145083838 0.6979766866121523 0.6978728234053716 0.6977824988164649 0.6976772597676923 0.6975838238992861 0.6974961001671053 0.6974088776607065 0.6973076364635143 0.697208241064872 0.6971187607424049 0.6970273913965068 0.6969293681612395 0.6968430708532587 0.6967388655249868 0.6966303165454126 0.6965253340871305 0.6964355300371873 0.6963352609418142 0.6962389078462331 0.6961387996950101 0.6960293347134137 0.6959246033275115 0.6958179461305287 0.6957213805888601 0.6956231642202824 0.6955218816368383 0.6954254853161995 0.6953185034720463 0.6952186896182578 0.6951265937237757 0.6950279956877651 0.6949304460875443 0.6948227229804864 0.6947202512496583 0.694622531508313 0.6945131143496585 0.6944083590519818 0.6943072723600971 0.6941987482111345 0.6940897504268098 0.6940002535495049 0.693892967290362 0.6937860939680972 0.6936902273829866 0.6935928065377829 0.6934785113928094 0.6933773805559397 0.6932662435941347 0.6931564015427647 0.6930407940135778 0.692931120263875 0.6928179986313406 0.6927129343202381 0.6926113583576675 0.6924983268535195 0.6924038949697577 0.692304306436788 0.6922080425493116 0.692109238503751 0.6920060227506769 0.6919013474644644 0.6917953726692002 0.6916819043167097 0.6915737581556521 0.6914585985104756 0.6913468692738137 0.691236286878789 0.6911186045496345 0.6910094403018959 0.690912814059943 0.69080025619076 0.6907021253511997 0.6905910729991358 0.6904744804913175 0.6903694566453572 0.6902621970561453 0.6901530723546982 0.6900543483208411 0.6899478962110437 0.68983022583733 0.6897319726798492 0.6896130165923686 0.689515836702284 0.6894036283113011 0.6893007289275673 0.6892111299643393 0.6891020466479114 0.6889923508244111 0.6888772031343636 0.6887579978132092 0.6886493347906504 0.6885369019974609 0.688424200657616 0.6883104196125702 0.6881911057690815 0.6880791879970555 0.6879568088578064 0.6878296023152477 0.6877185002995265 0.6876079519316907 0.6874921816173812 0.6873944269261967 0.6872815342923184 0.687186072364974 0.6870667907097665 0.686965682863087 0.6868402779743003 0.686719244327494 0.68661234709146 0.6864996448310201 0.6863791878238623 0.6862723549651518 0.6861572771699066 0.6860339470804409 0.6859185142882086 0.6858133727219443 0.6856992909404069 0.6855808020496591 0.6854631417906326 0.6853512424111637 0.6852366980303226 0.6851238725324386 0.6850215865744921 0.6849185473982781 0.6848007933317917 0.6846800429460456 0.6845603612293574 0.6844389523521938 0.6843254297362829 0.6842023562369999 0.6840866843274783 0.6839739186085669 0.6838631495161646 0.68374924339325 0.6836332735068911 0.6835156325606883 0.6834054428669413 0.6832842951788052 0.6831654282981706 0.683050515124634 0.6829266203500522 0.6828033665927554 0.6826861211090447 0.6825683127807741 0.6824530501282141 0.6823385250596384 0.6822162875489706 0.6820999773805266 0.6819816889787228 0.681866162377808 0.68174968022869 0.6816204761374436 0.6815142235956997 0.6813914931364066 0.681272236310686 0.6811599699773794 0.6810536144313277 0.6809418244926779 0.6808179766214526 0.680706707221983 0.680590890921218 0.6804681199957509 0.6803606921020505 0.6802337200750646 0.6801229831704559 0.6800059142646687 0.6798724612481443 0.6797542353841168 0.6796358954795004 0.6795258005116759 0.6794061509815298 0.6792883693228949 0.679165481597525 0.6790500901888529 0.6789268161974393 0.678809724299155 0.6787014052343608 0.678575364843349 0.6784584458451599 0.6783478993137182 0.678229975104131 0.6781178586778128 0.6779846171875841 0.6778723223432142 0.6777577218592736 0.6776393883918358 0.6775115196751889 0.6773840537790062 0.6772645946224668 0.6771458215477001 0.6770174893122648 0.6769047778521154 0.6767801905559618 0.6766609061384322 0.6765250003326024 0.676406802977396 0.6762836411861664 0.6761588028172543 0.6760322326892702 0.6759022569840318 0.6757659253658759 0.6756449744865571 0.6755202915434102 0.6753880295119465 0.6752668689453039 0.6751216532115908 0.6749905371022682 0.6748649363175383 0.6747281816459597 0.6745990069820319 0.67446492490214 0.674334541777867 0.6742018815240658 0.6740695486767397 0.6739398497944628 0.6737994072030196 0.673663214455927 0.6735304180892578 0.6733914681393196 0.673257123030259 0.6731327702512284 0.6730048711840715 0.6728680548930295 0.6727298820732882 0.67259583310128 0.6724653120241362 0.6723311894775285 0.672199755157379 0.6720728953286106 0.671944578725834 0.6718245226944993 0.6716972398125252 0.6715717447898427 0.6714468769892745 0.6713274270275343 0.6712187262929763 0.6711009041657013 0.6709870357456185 0.6708831136715273 0.6707559843760685 0.6706352303067976 0.6705311445296155 0.670430090939442 0.6703236415828263 0.6702229567844739 0.6701342223167177 0.670036121820905 0.6699322006664394 0.6698342463998541 0.6697419343740716 0.6696371974627732 0.6695351257858282 0.6694456546534672 0.6693559085366362 0.6692616946111364 0.6691673408942403 0.6690730350006721 0.6689871515424789 0.6688992254733757 0.668811415284415 0.668722640350111 0.6686395619179453 0.6685490966108252 0.668460641725418 0.6683802588772644 0.6682863337312881 0.6681894187034231 0.6680964822141667 0.6680019546773134 0.6679154329606497 0.6678143600566062 0.6677275541584538 0.6676333383930291 0.667532522079562 0.6674277345852152 0.6673379268494 0.6672372337729546 0.667138138182095 0.667037078153071 0.666939397950739 0.6668340328965552 0.666747913999696 0.6666402764146617 0.6665453810049854 0.6664595012253736 0.6663425905001604 0.6662516911031172 0.6661492239627005 0.6660391216334348 0.6659378546761882 0.6658264592757352 0.6657274446163784 0.6656143349311228 0.665509219109998 0.6654059150597655 0.6653080647161128 0.6652030574172016 0.6650997395717744 0.6649972899048977 0.6648958059028199 0.6647867041855298 0.6646848890981882 0.6645779881768978 0.664470978733098 0.664353220981487 0.6642488501012198 0.6641370537195957 0.6640485326159706 0.663940961247107 0.663842517708865 0.6637288240256859 0.6636172364114327 0.663514678221597 0.6634047736227622 0.6632931501406933 0.6631928304537522 0.6631032627536162 0.6629893740979872 0.6628855550261228 0.6627784057900231 0.6626774598005085 0.6625597986145464 0.662457926506381 0.6623532925969875 0.6622554523689309 0.662145570761526 0.6620334837601068 0.6619351239122098 0.6618441785298772 0.6617427855750997 0.6616509251104284 0.6615360413598547 0.661433401317994 0.6613259338723256 0.6612207040096046 0.6611170201300689 0.6610234904450601 0.660917040165944 0.6608103388140246 0.6607131313258858 0.6606125982721599 0.6605061075271087 0.6604048782751566 0.6603003850762041 0.6601922315486286 0.6600840329561852 0.6599888800342641 0.6598876673365748 0.6597722979942082 0.659664094803395 0.6595667217721897 0.6594707218242252 0.659369617648753 0.6592731431454394 0.6591779902232855 0.6590794216071427 0.6589850412167968 0.6588911307834413 0.6587832384443336 0.6586924898730031 0.658595141672888 0.6584952928612184 0.6583854443612994 0.6582982926607737 0.6582005361226195 0.6581008261822775 0.6580008063097539 0.6579017355475634 0.6577953790749389 0.6577059051808424 0.6576052553270667 0.6575030135059967 0.6574035325661427 0.6573102760253112 0.6572196939155794 0.657133493164869 0.6570450980558231 0.6569440260683008 0.6568426910519766 0.6567440847282716 0.6566467742347345 0.6565627218578072 0.6564615293918865 0.6563582593671143 0.6562692508308051 0.6561733796375501 0.6560810869215222 0.655979605675893 0.6558936136922107 0.6557853525603081 0.6556914237322771 0.6555839084615557 0.6554844459147818 0.6553949094816227 0.6552948822506726 0.6551955070735745 0.6551068618112253 0.6550121365394763 0.65491273837035 0.6548153874101483 0.6547118442400587 0.6546285505995244 0.6545234384540823 0.654434821701344 0.6543294327322083 0.6542415084990804 0.654153049931319 0.6540584359408748 0.6539568176620387 0.6538624243950174 0.6537671491540061 0.6536860903369974 0.6535961749949017 0.6534979595345929 0.6533946104167048 0.6533045773554483 0.6532115111874581 0.6531263524336246 0.6530272393649442 0.6529336958824106 0.6528403915169294 0.652750752998674 0.652669118461312 0.6525736969907151 0.652479182325159 0.6523901848242845 0.6522868485815827 0.6521884648192903 0.6520967294288788 0.6520126880869699 0.6519131675994415 0.6518271425062251 0.6517402290016701 0.651643369150139 0.6515612214308059 0.6514603628077065 0.6513619303022375 0.6512681798911231 0.651171046894305 0.6510881091691113 0.6509895313536228 0.6509083143510193 0.6508125240879383 0.6507239340048634 0.650644868135248 0.6505457440293735 0.6504580331612049 0.6503653560172422 0.6502797346638548 0.6502039575724256 0.6501255658290656 0.6500315174412981 0.6499394794754839 0.6498574411980748 0.6497743931109974 0.6496856080555946 0.6496003803252319 0.6495041771252893 0.649411250747627 0.6493226772187508 0.6492384271089755 0.6491635586616444 0.6490860378553579 0.6490071706367242 0.6489321614783934 0.648843841781168 0.6487531603438069 0.6486698749790148 0.6485816233379784 0.6484888441089451 0.6483996966989733 0.648317482761997 0.6482304432602931 0.648145426136275 0.6480547630925609 0.6479725445569328 0.6478919207476568 0.6478042926502561 0.6477308184388378 0.6476510462539302 0.6475657817357942 0.6474866919539991 0.647406184944124 0.6473148192642514 0.6472344226160959 0.6471533030987241 0.6470673920449099 0.6469802624144049 0.6468921560827942 0.6468094574735788 0.6467163379623522 0.646645532664304 0.6465647479107717 0.6464742632846114 0.6463879264184673 0.6463023069033681 0.6462217143632665 0.6461443572595659 0.6460544713454235 0.6459866320171989 0.6458965226203576 0.6458253402526395 0.6457411112946085 0.6456554982170708 0.6455696138338738 0.6454809538538839 0.6454058343331129 0.6453288322260781 0.6452513684391954 0.6451752575025169 0.6450985671670287 0.6450242321337666 0.6449447192981722 0.6448629753169716 0.6447951525428701 0.6447113190472954 0.6446329162662104 0.6445536968086205 0.6444818136440544 0.6443946389483599 0.644319092695419 0.644247290462798 0.6441595060184924 0.6440772773654099 0.6439956603001339 0.6439162311553904 0.6438354850278517 0.6437547011933581 0.6436774222618512 0.6436006105281689 0.6435133760530559 0.6434405263040022 0.6433775392110186 0.6432968427461433 0.6432238421693841 0.6431467002705298 0.6430749219493282 0.6429989222936555 0.6429119554453644 0.6428305351916195 0.6427589739151718 0.6426839288880553 0.6426101245101886 0.6425354105680212 0.6424614526035671 0.642375797219835 0.6423018208617044 0.6422228414403107 0.6421466881976409 0.642070101785666 0.6419926278816361 0.6419216956665477 0.6418433030015588 0.6417676822540667 0.6416923254549064 0.6416294799924777 0.641541296406167 0.6414782596499362 0.6413956428911066 0.6413066159574148 0.6412300994407801 0.6411645620724133 0.6410826672627128 0.6410022135928338 0.6409381136857142 0.6408666609311123 0.6408054791705889 0.640730249287304 0.6406557753816849 0.6405753364266763 0.6404995970402584 0.6404204713894202 0.6403512672542047 0.6402821569263434 0.6402075450683896 0.6401338905979391 0.6400668403548573 0.639995475889272 0.6399270773943146 0.6398619998661387 0.6397844827365905 0.6397141290001387 0.6396485217359736 0.6395864230537683 0.6395066793770309 0.6394283961533598 0.6393600261682717 0.6392826350350542 0.6392178278931684 0.6391439867273552 0.6390801737602694 0.63900399384636 0.6389336272343614 0.6388641563913744 0.6388016889170751 0.6387430758249504 0.6386810737092415 0.6386136436375603 0.6385551694171954 0.6384943113838547 0.6384265207973785 0.6383610395293284 0.6382865086028564 0.6382210687202822 0.6381517818133066 0.6380788869986587 0.6380129734806576 0.6379361985330749 0.637867388940391 0.6377983199975774 0.6377305956282001 0.6376643914909216 0.6375886603808618 0.6375329930257606 0.6374690595802076 0.6373886371787949 0.6373213266656058 0.6372624781346534 0.6371820060701722 0.6371207718878149 0.6370607286916083 0.6370018268192424 0.6369340840559267 0.6368679948784225 0.6367934280841289 0.6367201819512238 0.6366654894575354 0.6365946804784993 0.6365329487483967 0.636459603289915 0.6364014031338099 0.6363475263969731 0.6362820147788781 0.6362115644754437 0.6361580758439354 0.6360856169577871 0.6360265670164628 0.6359592592623906 0.6358945569632722 0.635839388074998 0.6357858037964875 0.6357280184162879 0.6356564884073916 0.635598761886773 0.6355253226207802 0.6354714422048835 0.6354062543144934 0.6353436001445485 0.6352853521649405 0.6352247396859201 0.635154973624624 0.6350913216009662 0.6350172918997397 0.6349565708984702 0.6348933097389179 0.6348210007601833 0.6347596608139003 0.6347068830951753 0.6346446455403508 0.634579243363984 0.6345163031729578 0.6344596867068046 0.6343941999200565 0.634345402579536 0.6342806018744851 0.6342249326795688 0.6341808680160863 0.6341272506287167 0.6340647620009322 0.6340082871657386 0.6339507206691007 0.6338920156080723 0.6338321903758818 0.6337725196497805 0.6337215914090268 0.6336549283502786 0.6335948428481079 0.6335344584497751 0.633481175826281 0.633416497438487 0.6333556890673735 0.633290400931297 0.6332193785860487 0.633152882909041 0.6330886772372437 0.6330327569692973 0.6329585175804323 0.6329103584982699 0.63285106300183 0.6327841350749409 0.6327255127848977 0.6326701544418087 0.6326081550839802 0.6325455082707503 0.6324880291437958 0.6324229957591609 0.6323676815605346 0.6323176941529479 0.6322623477654561 0.6322132975124831 0.6321648901162873 0.6321073677643774 0.6320165198608169 0.6319300431999386 0.6319042139660509 0.6318550671462774 0.631799808128418 0.6317532621661792 0.6316939399987157 0.6316358492840296 0.6315904832717772 0.6315289787019835 0.631485945000328 0.6314286590060572 0.6313819484208265 0.6313241041804925 0.6312767185495065 0.6312192504584995 0.6311723274267969 0.6311149154362569 0.6310648737669865 0.6310067287909444 0.6309470746188673
