2650.0 2650.225 2650.45 2650.675 2650.9 2651.125 2651.35 2651.575 2651.8 2652.025 2652.25 2652.475 2652.7 2652.925 2653.15 2653.375 2653.6 2653.825 2654.05 2654.275 2654.5 2654.725 2654.95 2655.175 2655.4 2655.625 2655.85 2656.075 2656.3 2656.525 2656.75 2656.975 2657.2 2657.425 2657.65 2657.875 2658.1 2658.325 2658.55 2658.775 2659.0 2659.225 2659.45 2659.675 2659.9 2660.125 2660.35 2660.575 2660.8 2661.025 2661.25 2661.475 2661.7 2661.925 2662.15 2662.375 2662.6 2662.825 2663.05 2663.275 2663.5 2663.725 2663.95 2664.175 2664.4 2664.625 2664.85 2665.075 2665.3 2665.525 2665.75 2665.975 2666.2 2666.425 2666.65 2666.875 2667.1 2667.325 2667.55 2667.775 2668.0 2668.225 2668.45 2668.675 2668.9 2669.125 2669.35 2669.575 2669.8 2670.025 2670.25 2670.475 2670.7 2670.925 2671.15 2671.375 2671.6 2671.825 2672.05 2672.275 2672.5 2672.725 2672.95 2673.175 2673.4 2673.625 2673.85 2674.075 2674.3 2674.525 2674.75 2674.975 2675.2 2675.425 2675.65 2675.875 2676.1 2676.325 2676.55 2676.775 2677.0 2677.225 2677.45 2677.675 2677.9 2678.125 2678.35 2678.575 2678.8 2679.025 2679.25 2679.475 2679.7 2679.925 2680.15 2680.375 2680.6 2680.825 2681.05 2681.275 2681.5 2681.725 2681.95 2682.175 2682.4 2682.625 2682.85 2683.075 2683.3 2683.525 2683.75 2683.975 2684.2 2684.425 2684.65 2684.875 2685.1 2685.325 2685.55 2685.775 2686.0 2686.225 2686.45 2686.675 2686.9 2687.125 2687.35 2687.575 2687.8 2688.025 2688.25 2688.475 2688.7 2688.925 2689.15 2689.375 2689.6 2689.825 2690.05 2690.275 2690.5 2690.725 2690.95 2691.175 2691.4 2691.625 2691.85 2692.075 2692.3 2692.525 2692.75 2692.975 2693.2 2693.425 2693.65 2693.875 2694.1 2694.325 2694.55 2694.775 2695.0 2695.225 2695.45 2695.675 2695.9 2696.125 2696.35 2696.575 2696.8 2697.025 2697.25 2697.475 2697.7 2697.925 2698.15 2698.375 2698.6 2698.825 2699.05 2699.275 2699.5 2699.725 2699.95 2700.175 2700.4 2700.625 2700.85 2701.075 2701.3 2701.525 2701.75 2701.975 2702.2 2702.425 2702.65 2702.875 2703.1 2703.325 2703.55 2703.775 2704.0 2704.225 2704.45 2704.675 2704.9 2705.125 2705.35 2705.575 2705.8 2706.025 2706.25 2706.475 2706.7 2706.925 2707.15 2707.375 2707.6 2707.825 2708.05 2708.275 2708.5 2708.725 2708.95 2709.175 2709.4 2709.625 2709.85 2710.075 2710.3 2710.525 2710.75 2710.975 2711.2 2711.425 2711.65 2711.875 2712.1 2712.325 2712.55 2712.775 2713.0 2713.225 2713.45 2713.675 2713.9 2714.125 2714.35 2714.575 2714.8 2715.025 2715.25 2715.475 2715.7 2715.925 2716.15 2716.375 2716.6 2716.825 2717.05 2717.275 2717.5 2717.725 2717.95 2718.175 2718.4 2718.625 2718.85 2719.075 2719.3 2719.525 2719.75 2719.975 2720.2 2720.425 2720.65 2720.875 2721.1 2721.325 2721.55 2721.775 2722.0 2722.225 2722.45 2722.675 2722.9 2723.125 2723.35 2723.575 2723.8 2724.025 2724.25 2724.475 2724.7 2724.925 2725.15 2725.375 2725.6 2725.825 2726.05 2726.275 2726.5 2726.725 2726.95 2727.175 2727.4 2727.625 2727.85 2728.075 2728.3 2728.525 2728.75 2728.975 2729.2 2729.425 2729.65 2729.875 2730.1 2730.325 2730.55 2730.775 2731.0 2731.225 2731.45 2731.675 2731.9 2732.125 2732.35 2732.575 2732.8 2733.025 2733.25 2733.475 2733.7 2733.925 2734.15 2734.375 2734.6 2734.825 2735.05 2735.275 2735.5 2735.725 2735.95 2736.175 2736.4 2736.625 2736.85 2737.075 2737.3 2737.525 2737.75 2737.975 2738.2 2738.425 2738.65 2738.875 2739.1 2739.325 2739.55 2739.775 2740.0 2740.225 2740.45 2740.675 2740.9 2741.125 2741.35 2741.575 2741.8 2742.025 2742.25 2742.475 2742.7 2742.925 2743.15 2743.375 2743.6 2743.825 2744.05 2744.275 2744.5 2744.725 2744.95 2745.175 2745.4 2745.625 2745.85 2746.075 2746.3 2746.525 2746.75 2746.975 2747.2 2747.425 2747.65 2747.875 2748.1 2748.325 2748.55 2748.775 2749.0 2749.225 2749.45 2749.675 2749.9 2750.125 2750.35 2750.575 2750.8 2751.025 2751.25 2751.475 2751.7 2751.925 2752.15 2752.375 2752.6 2752.825 2753.05 2753.275 2753.5 2753.725 2753.95 2754.175 2754.4 2754.625 2754.85 2755.075 2755.3 2755.525 2755.75 2755.975 2756.2 2756.425 2756.65 2756.875 2757.1 2757.325 2757.55 2757.775 2758.0 2758.225 2758.45 2758.675 2758.9 2759.125 2759.35 2759.575 2759.8 2760.025 2760.25 2760.475 2760.7 2760.925 2761.15 2761.375 2761.6 2761.825 2762.05 2762.275 2762.5 2762.725 2762.95 2763.175 2763.4 2763.625 2763.85 2764.075 2764.3 2764.525 2764.75 2764.975 2765.2 2765.425 2765.65 2765.875 2766.1 2766.325 2766.55 2766.775 2767.0 2767.225 2767.45 2767.675 2767.9 2768.125 2768.35 2768.575 2768.8 2769.025 2769.25 2769.475 2769.7 2769.925 2770.15 2770.375 2770.6 2770.825 2771.05 2771.275 2771.5 2771.725 2771.95 2772.175 2772.4 2772.625 2772.85 2773.075 2773.3 2773.525 2773.75 2773.975 2774.2 2774.425 2774.65 2774.875 2775.1 2775.325 2775.55 2775.775 2776.0 2776.225 2776.45 2776.675 2776.9 2777.125 2777.35 2777.575 2777.8 2778.025 2778.25 2778.475 2778.7 2778.925 2779.15 2779.375 2779.6 2779.825 2780.05 2780.275 2780.5 2780.725 2780.95 2781.175 2781.4 2781.625 2781.85 2782.075 2782.3 2782.525 2782.75 2782.975 2783.2 2783.425 2783.65 2783.875 2784.1 2784.325 2784.55 2784.775 2785.0 2785.225 2785.45 2785.675 2785.9 2786.125 2786.35 2786.575 2786.8 2787.025 2787.25 2787.475 2787.7 2787.925 2788.15 2788.375 2788.6 2788.825 2789.05 2789.275 2789.5 2789.725 2789.95 2790.175 2790.4 2790.625 2790.85 2791.075 2791.3 2791.525 2791.75 2791.975 2792.2 2792.425 2792.65 2792.875 2793.1 2793.325 2793.55 2793.775 2794.0 2794.225 2794.45 2794.675 2794.9 2795.125 2795.35 2795.575 2795.8 2796.025 2796.25 2796.475 2796.7 2796.925 2797.15 2797.375 2797.6 2797.825 2798.05 2798.275 2798.5 2798.725 2798.95 2799.175 2799.4 2799.625 2799.85 2800.075 2800.3 2800.525 2800.75 2800.975 2801.2 2801.425 2801.65 2801.875 2802.1 2802.325 2802.55 2802.775 2803.0 2803.225 2803.45 2803.675 2803.9 2804.125 2804.35 2804.575 2804.8 2805.025 2805.25 2805.475 2805.7 2805.925 2806.15 2806.375 2806.6 2806.825 2807.05 2807.275 2807.5 2807.725 2807.95 2808.175 2808.4 2808.625 2808.85 2809.075 2809.3 2809.525 2809.75 2809.975 2810.2 2810.425 2810.65 2810.875 2811.1 2811.325 2811.55 2811.775 2812.0 2812.225 2812.45 2812.675 2812.9 2813.125 2813.35 2813.575 2813.8 2814.025 2814.25 2814.475 2814.7 2814.925 2815.15 2815.375 2815.6 2815.825 2816.05 2816.275 2816.5 2816.725 2816.95 2817.175 2817.4 2817.625 2817.85 2818.075 2818.3 2818.525 2818.75 2818.975 2819.2 2819.425 2819.65 2819.875 2820.1 2820.325 2820.55 2820.775 2821.0 2821.225 2821.45 2821.675 2821.9 2822.125 2822.35 2822.575 2822.8 2823.025 2823.25 2823.475 2823.7 2823.925 2824.15 2824.375 2824.6 2824.825 2825.05 2825.275 2825.5 2825.725 2825.95 2826.175 2826.4 2826.625 2826.85 2827.075 2827.3 2827.525 2827.75 2827.975 2828.2 2828.425 2828.65 2828.875 2829.1 2829.325 2829.55 2829.775 2830.0 2830.225 2830.45 2830.675 2830.9 2831.125 2831.35 2831.575 2831.8 2832.025 2832.25 2832.475 2832.7 2832.925 2833.15 2833.375 2833.6 2833.825 2834.05 2834.275 2834.5 2834.725 2834.95 2835.175 2835.4 2835.625 2835.85 2836.075 2836.3 2836.525 2836.75 2836.975 2837.2 2837.425 2837.65 2837.875 2838.1 2838.325 2838.55 2838.775 2839.0 2839.225 2839.45 2839.675 2839.9 2840.125 2840.35 2840.575 2840.8 2841.025 2841.25 2841.475 2841.7 2841.925 2842.15 2842.375 2842.6 2842.825 2843.05 2843.275 2843.5 2843.725 2843.95 2844.175 2844.4 2844.625 2844.85 2845.075 2845.3 2845.525 2845.75 2845.975 2846.2 2846.425 2846.65 2846.875 2847.1 2847.325 2847.55 2847.775 2848.0 2848.225 2848.45 2848.675 2848.9 2849.125 2849.35 2849.575 2849.8 2850.025 2850.25 2850.475 2850.7 2850.925 2851.15 2851.375 2851.6 2851.825 2852.05 2852.275 2852.5 2852.725 2852.95 2853.175 2853.4 2853.625 2853.85 2854.075 2854.3 2854.525 2854.75 2854.975 2855.2 2855.425 2855.65 2855.875 2856.1 2856.325 2856.55 2856.775 2857.0 2857.225 2857.45 2857.675 2857.9 2858.125 2858.35 2858.575 2858.8 2859.025 2859.25 2859.475 2859.7 2859.925 2860.15 2860.375 2860.6 2860.825 2861.05 2861.275 2861.5 2861.725 2861.95 2862.175 2862.4 2862.625 2862.85 2863.075 2863.3 2863.525 2863.75 2863.975 2864.2 2864.425 2864.65 2864.875 2865.1 2865.325 2865.55 2865.775 2866.0 2866.225 2866.45 2866.675 2866.9 2867.125 2867.35 2867.575 2867.8 2868.025 2868.25 2868.475 2868.7 2868.925 2869.15 2869.375 2869.6 2869.825 2870.05 2870.275 2870.5 2870.725 2870.95 2871.175 2871.4 2871.625 2871.85 2872.075 2872.3 2872.525 2872.75 2872.975 2873.2 2873.425 2873.65 2873.875 2874.1 2874.325 2874.55 2874.775 2875.0 2875.225 2875.45 2875.675 2875.9 2876.125 2876.35 2876.575 2876.8 2877.025 2877.25 2877.475 2877.7 2877.925 2878.15 2878.375 2878.6 2878.825 2879.05 2879.275 2879.5 2879.725 2879.95 2880.175 2880.4 2880.625 2880.85 2881.075 2881.3 2881.525 2881.75 2881.975 2882.2 2882.425 2882.65 2882.875 2883.1 2883.325 2883.55 2883.775 2884.0 2884.225 2884.45 2884.675 2884.9 2885.125 2885.35 2885.575 2885.8 2886.025 2886.25 2886.475 2886.7 2886.925 2887.15 2887.375 2887.6 2887.825 2888.05 2888.275 2888.5 2888.725 2888.95 2889.175 2889.4 2889.625 2889.85 2890.075 2890.3 2890.525 2890.75 2890.975 2891.2 2891.425 2891.65 2891.875 2892.1 2892.325 2892.55 2892.775 2893.0 2893.225 2893.45 2893.675 2893.9 2894.125 2894.35 2894.575 2894.8 2895.025 2895.25 2895.475 2895.7 2895.925 2896.15 2896.375 2896.6 2896.825 2897.05 2897.275 2897.5 2897.725 2897.95 2898.175 2898.4 2898.625 2898.85 2899.075 2899.3 2899.525 2899.75 2899.975 2900.2 2900.425 2900.65 2900.875 2901.1 2901.325 2901.55 2901.775 2902.0 2902.225 2902.45 2902.675 2902.9 2903.125 2903.35 2903.575 2903.8 2904.025 2904.25 2904.475 2904.7 2904.925 2905.15 2905.375 2905.6 2905.825 2906.05 2906.275 2906.5 2906.725 2906.95 2907.175 2907.4 2907.625 2907.85 2908.075 2908.3 2908.525 2908.75 2908.975 2909.2 2909.425 2909.65 2909.875 2910.1 2910.325 2910.55 2910.775 2911.0 2911.225 2911.45 2911.675 2911.9 2912.125 2912.35 2912.575 2912.8 2913.025 2913.25 2913.475 2913.7 2913.925 2914.15 2914.375 2914.6 2914.825 2915.05 2915.275 2915.5 2915.725 2915.95 2916.175 2916.4 2916.625 2916.85 2917.075 2917.3 2917.525 2917.75 2917.975 2918.2 2918.425 2918.65 2918.875 2919.1 2919.325 2919.55 2919.775 2920.0 2920.225 2920.45 2920.675 2920.9 2921.125 2921.35 2921.575 2921.8 2922.025 2922.25 2922.475 2922.7 2922.925 2923.15 2923.375 2923.6 2923.825 2924.05 2924.275 2924.5 2924.725 2924.95 2925.175 2925.4 2925.625 2925.85 2926.075 2926.3 2926.525 2926.75 2926.975 2927.2 2927.425 2927.65 2927.875 2928.1 2928.325 2928.55 2928.775 2929.0 2929.225 2929.45 2929.675 2929.9 2930.125 2930.35 2930.575 2930.8 2931.025 2931.25 2931.475 2931.7 2931.925 2932.15 2932.375 2932.6 2932.825 2933.05 2933.275 2933.5 2933.725 2933.95 2934.175 2934.4 2934.625 2934.85 2935.075 2935.3 2935.525 2935.75 2935.975 2936.2 2936.425 2936.65 2936.875 2937.1 2937.325 2937.55 2937.775 2938.0 2938.225 2938.45 2938.675 2938.9 2939.125 2939.35 2939.575 2939.8 2940.025 2940.25 2940.475 2940.7 2940.925 2941.15 2941.375 2941.6 2941.825 2942.05 2942.275 2942.5 2942.725 2942.95 2943.175 2943.4 2943.625 2943.85 2944.075 2944.3 2944.525 2944.75 2944.975 2945.2 2945.425 2945.65 2945.875 2946.1 2946.325 2946.55 2946.775 2947.0 2947.225 2947.45 2947.675 2947.9 2948.125 2948.35 2948.575 2948.8 2949.025 2949.25 2949.475 2949.7 2949.925 2950.15 2950.375 2950.6 2950.825 2951.05 2951.275 2951.5 2951.725 2951.95 2952.175 2952.4 2952.625 2952.85 2953.075 2953.3 2953.525 2953.75 2953.975 2954.2 2954.425 2954.65 2954.875 2955.1 2955.325 2955.55 2955.775 2956.0 2956.225 2956.45 2956.675 2956.9 2957.125 2957.35 2957.575 2957.8 2958.025 2958.25 2958.475 2958.7 2958.925 2959.15 2959.375 2959.6 2959.825 2960.05 2960.275 2960.5 2960.725 2960.95 2961.175 2961.4 2961.625 2961.85 2962.075 2962.3 2962.525 2962.75 2962.975 2963.2 2963.425 2963.65 2963.875 2964.1 2964.325 2964.55 2964.775 2965.0 2965.225 2965.45 2965.675 2965.9 2966.125 2966.35 2966.575 2966.8 2967.025 2967.25 2967.475 2967.7 2967.925 2968.15 2968.375 2968.6 2968.825 2969.05 2969.275 2969.5 2969.725 2969.95 2970.175 2970.4 2970.625 2970.85 2971.075 2971.3 2971.525 2971.75 2971.975 2972.2 2972.425 2972.65 2972.875 2973.1 2973.325 2973.55 2973.775 2974.0 2974.225 2974.45 2974.675 2974.9 2975.125 2975.35 2975.575 2975.8 2976.025 2976.25 2976.475 2976.7 2976.925 2977.15 2977.375 2977.6 2977.825 2978.05 2978.275 2978.5 2978.725 2978.95 2979.175 2979.4 2979.625 2979.85 2980.075 2980.3 2980.525 2980.75 2980.975 2981.2 2981.425 2981.65 2981.875 2982.1 2982.325 2982.55 2982.775 2983.0 2983.225 2983.45 2983.675 2983.9 2984.125 2984.35 2984.575 2984.8 2985.025 2985.25 2985.475 2985.7 2985.925 2986.15 2986.375 2986.6 2986.825 2987.05 2987.275 2987.5 2987.725 2987.95 2988.175 2988.4 2988.625 2988.85 2989.075 2989.3 2989.525 2989.75 2989.975 2990.2 2990.425 2990.65 2990.875 2991.1 2991.325 2991.55 2991.775 2992.0 2992.225 2992.45 2992.675 2992.9 2993.125 2993.35 2993.575 2993.8 2994.025 2994.25 2994.475 2994.7 2994.925 2995.15 2995.375 2995.6 2995.825 2996.05 2996.275 2996.5 2996.725 2996.95 2997.175 2997.4 2997.625 2997.85 2998.075 2998.3 2998.525 2998.75 2998.975 2999.2 2999.425 2999.65 2999.875 3000.1 3000.325 3000.55 3000.775 3001.0 3001.225 3001.45 3001.675 3001.9 3002.125 3002.35 3002.575 3002.8 3003.025 3003.25 3003.475 3003.7 3003.925 3004.15 3004.375 3004.6 3004.825 3005.05 3005.275 3005.5 3005.725 3005.95 3006.175 3006.4 3006.625 3006.85 3007.075 3007.3 3007.525 3007.75 3007.975 3008.2 3008.425 3008.65 3008.875 3009.1 3009.325 3009.55 3009.775 3010.0 3010.225 3010.45 3010.675 3010.9 3011.125 3011.35 3011.575 3011.8 3012.025 3012.25 3012.475 3012.7 3012.925 3013.15 3013.375 3013.6 3013.825 3014.05 3014.275 3014.5 3014.725 3014.95 3015.175 3015.4 3015.625 3015.85 3016.075 3016.3 3016.525 3016.75 3016.975 3017.2 3017.425 3017.65 3017.875 3018.1 3018.325 3018.55 3018.775 3019.0 3019.225 3019.45 3019.675 3019.9 3020.125 3020.35 3020.575 3020.8 3021.025 3021.25 3021.475 3021.7 3021.925 3022.15 3022.375 3022.6 3022.825 3023.05 3023.275 3023.5 3023.725 3023.95 3024.175 3024.4 3024.625 3024.85 3025.075 3025.3 3025.525 3025.75 3025.975 3026.2 3026.425 3026.65 3026.875 3027.1 3027.325 3027.55 3027.775 3028.0 3028.225 3028.45 3028.675 3028.9 3029.125 3029.35 3029.575 3029.8 3030.025 3030.25 3030.475 3030.7 3030.925 3031.15 3031.375 3031.6 3031.825 3032.05 3032.275 3032.5 3032.725 3032.95 3033.175 3033.4 3033.625 3033.85 3034.075 3034.3 3034.525 3034.75 3034.975 3035.2 3035.425 3035.65 3035.875 3036.1 3036.325 3036.55 3036.775 3037.0 3037.225 3037.45 3037.675 3037.9 3038.125 3038.35 3038.575 3038.8 3039.025 3039.25 3039.475 3039.7 3039.925 3040.15 3040.375 3040.6 3040.825 3041.05 3041.275 3041.5 3041.725 3041.95 3042.175 3042.4 3042.625 3042.85 3043.075 3043.3 3043.525 3043.75 3043.975 3044.2 3044.425 3044.65 3044.875 3045.1 3045.325 3045.55 3045.775 3046.0 3046.225 3046.45 3046.675 3046.9 3047.125 3047.35 3047.575 3047.8 3048.025 3048.25 3048.475 3048.7 3048.925 3049.15 3049.375 3049.6 3049.825 3050.05 3050.275 3050.5 3050.725 3050.95 3051.175 3051.4 3051.625 3051.85 3052.075 3052.3 3052.525 3052.75 3052.975 3053.2 3053.425 3053.65 3053.875 3054.1 3054.325 3054.55 3054.775 3055.0 3055.225 3055.45 3055.675 3055.9 3056.125 3056.35 3056.575 3056.8 3057.025 3057.25 3057.475 3057.7 3057.925 3058.15 3058.375 3058.6 3058.825 3059.05 3059.275 3059.5 3059.725 3059.95 3060.175 3060.4 3060.625 3060.85 3061.075 3061.3 3061.525 3061.75 3061.975 3062.2 3062.425 3062.65 3062.875 3063.1 3063.325 3063.55 3063.775 3064.0 3064.225 3064.45 3064.675 3064.9 3065.125 3065.35 3065.575 3065.8 3066.025 3066.25 3066.475 3066.7 3066.925 3067.15 3067.375 3067.6 3067.825 3068.05 3068.275 3068.5 3068.725 3068.95 3069.175 3069.4 3069.625 3069.85 3070.075 3070.3 3070.525 3070.75 3070.975 3071.2 3071.425 3071.65 3071.875 3072.1 3072.325 3072.55 3072.775 3073.0 3073.225 3073.45 3073.675 3073.9 3074.125 3074.35 3074.575 3074.8 3075.025 3075.25 3075.475 3075.7 3075.925 3076.15 3076.375 3076.6 3076.825 3077.05 3077.275 3077.5 3077.725 3077.95 3078.175 3078.4 3078.625 3078.85 3079.075 3079.3 3079.525 3079.75 3079.975 3080.2 3080.425 3080.65 3080.875 3081.1 3081.325 3081.55 3081.775 3082.0 3082.225 3082.45 3082.675 3082.9 3083.125 3083.35 3083.575 3083.8 3084.025 3084.25 3084.475 3084.7 3084.925 3085.15 3085.375 3085.6 3085.825 3086.05 3086.275 3086.5 3086.725 3086.95 3087.175 3087.4 3087.625 3087.85 3088.075 3088.3 3088.525 3088.75 3088.975 3089.2 3089.425 3089.65 3089.875 3090.1 3090.325 3090.55 3090.775 3091.0 3091.225 3091.45 3091.675 3091.9 3092.125 3092.35 3092.575 3092.8 3093.025 3093.25 3093.475 3093.7 3093.925 3094.15 3094.375 3094.6 3094.825 3095.05 3095.275 3095.5 3095.725 3095.95 3096.175 3096.4 3096.625 3096.85 3097.075 3097.3 3097.525 3097.75 3097.975 3098.2 3098.425 3098.65 3098.875 3099.1 3099.325 3099.55 3099.775 3100.0
0.023158770469174424 0.030312241970881813 0.038947699115189936 0.023483006429591353 0.03091555886307789 0.02872987220210441 0.025453587807317206 0.03289781225015229 0.032878729454206335 0.032871910313657604 0.034881952560858215 0.03622890497847489 0.030646466750517964 0.024727259287149694 0.026032915956294523 0.024403937332457222 0.03736465835451455 0.03186301599308262 0.027778778473163058 0.033455670622279485 0.03105052572487364 0.0308749142318175 0.02941690441104861 0.03410898886830553 0.025583951638611747 0.03116040617194728 0.039080640809177586 0.041838067234331845 0.028502075895948026 0.028504975834059323 0.029098527198899028 0.0245533246467628 0.032122428691611644 0.028084852353236787 0.031031876919976095 0.029605779033075742 0.02516138871238985 0.026028503952940218 0.029212990982567775 0.03228252777434792 0.030635649882922795 0.042606796135159254 0.037224634982176666 0.02440424623956202 0.023093269715622037 0.026113166351677156 0.026714562694414003 0.03445969875314249 0.03126607816995696 0.03689776836303188 0.028455697170510424 0.028952920792009416 0.036838185779117856 0.03886687694778716 0.03509884647707047 0.03679308929463772 0.040538340902950984 0.0425492055508698 0.03564865608804069 0.024481649315731983 0.02543078312613666 0.030121999877530857 0.0303823200692686 0.028292264175600938 0.03314438881168523 0.03003060400916396 0.0364406368914317 0.033455723018949286 0.02885268681327067 0.0381703230783274 0.0426468751870274 0.03693534227127375 0.03410576717205984 0.027608572385264277 0.029428872013265536 0.027107955730476425 0.041774506091317914 0.029339435487127103 0.027076766952959824 0.024718717340719877 0.025209733646940916 0.028438021659028187 0.027254686441540422 0.03247161284333944 0.031424914725951165 0.03507856714023633 0.02683681846816382 0.034150665679740386 0.03364855662807403 0.028119874820482133 0.03319885541079825 0.033819203119261704 0.03257992818293119 0.03088960453779905 0.029333945005551896 0.03290609088644834 0.02789423529171617 0.02732294256652875 0.033480467677826496 0.02841480926142221 0.036457924756139286 0.02828055917556954 0.03230595712023801 0.03695934341773435 0.030826674698967688 0.03398332702312306 0.030558976974158686 0.03240323814766638 0.02922091438083351 0.027850546226587183 0.033737210340186716 0.033566885721721174 0.03163744221891412 0.030634893796835008 0.02548612456048849 0.03233815861024421 0.030760312287376832 0.034394500237012245 0.03790516338917784 0.03294692608432696 0.027932084820414715 0.0327760096413174 0.027800846668780042 0.026139160123323228 0.03078736519324485 0.026618294149309107 0.029268260008608358 0.03561564585068414 0.03380163947138957 0.029630076353479442 0.03844568143507209 0.03501921409008567 0.029418167107346543 0.02432526532167258 0.029776826879260653 0.03822788710286049 0.03204644603309966 0.027057967096637943 0.03432371939464888 0.027442502370558192 0.021374334713264245 0.0351519583769546 0.0246249868215554 0.02420773710532953 0.034453984156096615 0.03430828545726161 0.03550304996127546 0.036387248810720696 0.049598991478028466 0.03890070250912011 0.03532357830030913 0.033867515029257375 0.04136914544310952 0.0468484825258054 0.04377949149700137 0.035710474564818386 0.04390543609748972 0.05361664271547556 0.054927079704283364 0.06569102680520648 0.07028503412305281 0.06738324464444671 0.075939738377785 0.0773084366094312 0.0796087709893722 0.09754154266436649 0.10867409670575973 0.1229763558311954 0.1299696413391231 0.14177078811375057 0.13823843319676948 0.12941691873805639 0.14424104570987106 0.1686041837213344 0.19770855553357974 0.20457703790903026 0.20949984978583863 0.21748510151033068 0.2380035592567822 0.27837030527249107 0.3269098754234296 0.33878166647894736 0.3603611620431534 0.3987466104831883 0.4464822890886177 0.48051763946976656 0.5155971055841224 0.5590801327128563 0.5795842224940401 0.5853364433199083 0.5786084711833661 0.631361260555782 0.6550287459939566 0.681577471874016 0.7149790322016368 0.7302782967469077 0.726842512027519 0.7400387039100641 0.76888501069601 0.7805016353314052 0.8040734746032276 0.8336664233652897 0.8228048563627393 0.8091807986205978 0.7957173852397875 0.7739262895442846 0.7499373909837103 0.7384821915291963 0.7183637502252227 0.6929913639120796 0.6701010781208757 0.6466780261471582 0.6124177950971063 0.5720207783695599 0.5346275265622434 0.48505340655405776 0.4485606569182014 0.4291091553619584 0.4065244397086391 0.38458697013134413 0.3640319990976508 0.3438966767716965 0.3087690934084474 0.28008530737257575 0.24145175683355846 0.2114042585887277 0.198963440377683 0.17996102687274743 0.14981263905678904 0.1338697708379852 0.11823782156879595 0.10602909656948531 0.10693612574498855 0.10007597264915995 0.08556164612574639 0.07493012846359821 0.0688332780996664 0.07354554353497013 0.06147270401350219 0.058005230385242024 0.06450673179745471 0.06322122976096975 0.05722932164512892 0.06294837682016824 0.04844976425607122 0.04015262885531715 0.03697396817063962 0.041227655453066135 0.05278205124081424 0.053363871872285466 0.0418410321998077 0.04346546048064389 0.042236148287597704 0.034202153922451226 0.03997709625031865 0.037125124023965554 0.030793236606644344 0.0334641663261047 0.029497785805565488 0.024406731954120554 0.030243743058201246 0.03252308128639518 0.029965753973788346 0.03467325899493172 0.036795443393167725 0.03388458565181635 0.028557607823020095 0.03294712347542822 0.03214535164327906 0.029996166812899707 0.03910524687115025 0.03440512680777746 0.032339670726449485 0.03486083809338174 0.037462051145023004 0.03905677748441827 0.03141570202598684 0.02553410747712224 0.026389333817664385 0.034950701843197186 0.03540946380707386 0.028243163091842414 0.037858120805933794 0.04275852428035947 0.03227372954888603 0.03483270727308389 0.020564316749707004 0.02818892656269984 0.031259107826346985 0.028237784217729316 0.03431521054787525 0.03098923327647969 0.028887827791627286 0.0302074448965473 0.026844025497085672 0.029499587480311663 0.04358175929463893 0.03593524569660103 0.028595661613035624 0.029385965454563675 0.03581248409812906 0.03398743019404945 0.04018850594969295 0.029015199641445024 0.036628249277896485 0.033356298275153795 0.02920896648814144 0.030907937757532904 0.028214887532505124 0.02547234174005148 0.03749512744733275 0.028037105846361043 0.030343812543462814 0.034823494511633385 0.0169715556714918 0.026391398587922898 0.03144324116517669 0.03153724804872309 0.03380541374185585 0.031326666792298695 0.02727433471911085 0.026676265691220846 0.026773586287860116 0.03497684722938352 0.03383782561966982 0.029333990805338005 0.026237072785883053 0.025134322912548572 0.02614613692315438 0.028765940071956934 0.03370455529673789 0.03947117955589269 0.03725504089360841 0.029261145121082386 0.02941777231874446 0.028503305466209754 0.03322952485138582 0.031015713928966078 0.02600914496593168 0.02815934231791598 0.0301491838408318 0.037161402574335145 0.033549453496814825 0.032107468793721054 0.026940577096079277 0.028778677278950286 0.018161354808493988 0.035238863384810554 0.03783771591979834 0.030538230466986692 0.026927773786305453 0.03247814883919269 0.03540616968187107 0.029555027559879384 0.033222521610710286 0.03448996050705726 0.027915481351986987 0.02949275520859386 0.03415187595372827 0.026670998657274392 0.02526697536190265 0.02976714067543311 0.03546452942695187 0.03250149304774177 0.022962024588533407 0.029904363120708183 0.04006154850413628 0.02888763023925099 0.03129506396413344 0.029865572729989912 0.03444833620622788 0.03416731573040357 0.02921698222559836 0.030788153586887666 0.03043726654964597 0.03627984066723001 0.04041406689259698 0.03448129336790401 0.03409356868103697 0.027498343381659282 0.02908669756035673 0.03379732579988346 0.027142563584266175 0.029481464721181037 0.029818102631365542 0.031499733210439695 0.03598136187101849 0.029683425284923858 0.026431904967930943 0.03138691351550939 0.0319517754352426 0.025228770332657375 0.02752849316339496 0.028067163985741463 0.037855188088937446 0.036453209669299845 0.0334214900801141 0.029085013908451113 0.02546944147999688 0.026917253043208245 0.029331452437519914 0.02619145702344032 0.026489784812343507 0.03108475245508571 0.034563016721327826 0.03892553902279935 0.05055191930894454 0.04099382841696297 0.03279076558314702 0.02411960938905543 0.03068474419221127 0.032968020606825146 0.039639412683254605 0.04728188189792519 0.046062998328485885 0.044914048090255315 0.04724008026504711 0.05464395516901278 0.05083928533783648 0.04655642150754281 0.04454056657307936 0.04606752302880668 0.05491162696274823 0.05100859687606303 0.054602061186155806 0.0677316987439377 0.06215106314799889 0.07260874489208155 0.0714167297784394 0.08189484927103546 0.08395473542865588 0.08623697896426082 0.10859492591291928 0.12718111222463965 0.13626505761327512 0.14370711688770102 0.16656838453478717 0.17368931060610657 0.18385691431326717 0.22811844905201137 0.2604785498688539 0.3123196944279456 0.36790198306104077 0.42421712023348174 0.5046042303385136 0.558502416564608 0.5914749623515774 0.6247246454305988 0.65559377138056 0.6731936040991954 0.6844777638615298 0.6637450032097882 0.6538213917259521 0.66532013083479 0.6744313189309926 0.6828967846960203 0.700396198652184 0.7098710294995992 0.7232428923175306 0.7179214488554033 0.6749098727194945 0.651702504404208 0.6404017338497013 0.6448818218442522 0.6605951562123246 0.6575483044967695 0.6583503377100327 0.6471583561187692 0.6181398006685956 0.5638811365864039 0.49402159674627416 0.43545289094828965 0.36672901919422385 0.3227629943393679 0.28548699418142864 0.2507816579007394 0.22015085961089603 0.19913870212088025 0.18494847194390668 0.16942785185165915 0.16089626213586602 0.15186588980457708 0.136491315543336 0.12477513919983782 0.11257415480498939 0.1206136903206214 0.1078352913154538 0.09527878872914369 0.08148727903186719 0.06417125759525605 0.054420781655143365 0.06289318558916036 0.0698198539029856 0.060794588985623794 0.07550961461726156 0.06604557746385316 0.05478739190565946 0.05035564050471373 0.057439718033120576 0.05387808076078432 0.04726329938286568 0.05183677087231382 0.05575904792757902 0.03962317750474645 0.03125013831892757 0.03342472540715659 0.029607330490213843 0.030633354728788958 0.02989495327174081 0.027695463612145577 0.025671540512314954 0.027942395802154657 0.03506127274619812 0.032609525650615714 0.03573281245778326 0.0283234854215717 0.025662768377307302 0.03404893263626938 0.0373378622568564 0.034139059369179145 0.03422560968866207 0.027267976067232032 0.03053992031811661 0.036083154107089815 0.030669817329721332 0.019761045549213877 0.019574544679962384 0.035000499759417235 0.042668772318502204 0.036697412743821635 0.03946968657910423 0.044644653752976035 0.03740845260451134 0.033036119621965135 0.025787122019709716 0.02750438011191246 0.037013855907182196 0.038175234699537625 0.033394858351134066 0.029623756996682734 0.03043220988163213 0.02293073067189596 0.029138895682072702 0.03521234358386504 0.03298392096894745 0.03056334919466124 0.03177553238036276 0.022815372757098818 0.0381160406521661 0.03628494323992337 0.0361841767353279 0.03375756207777492 0.01993589421339081 0.026838186570966056 0.026126462647306628 0.03244370558790513 0.03619184447922599 0.028543713456696942 0.025163223390951395 0.0240451063539212 0.027561417347600693 0.03670092409302242 0.04096139091590982 0.034685818496113394 0.03745541633007735 0.045305040857627404 0.0451077031972745 0.038286292396038736 0.036640578546825044 0.03383710254891676 0.04198861816776686 0.0337994362239107 0.034025062905843395 0.03482897868205018 0.03751983865434533 0.051362955947259155 0.049001244636452085 0.04295294914458292 0.0493210482246063 0.039748135979886856 0.04916967504134143 0.05906385724639454 0.05586977664950402 0.06755832343174761 0.06086440346777179 0.06403549512305173 0.06290975056059064 0.06590709235645362 0.06458116225352976 0.06586843334572012 0.08365603284260635 0.09025136919668886 0.09614593674904094 0.11929542151866085 0.13888781857531432 0.16143967322195676 0.1827645939643609 0.2059770694565525 0.23923854561154015 0.28873561863032365 0.3119622051854628 0.3366210350911139 0.3416944944606747 0.3468692127650137 0.35052246742316295 0.3645882331035738 0.39003132614214225 0.40552621178384735 0.42535373452070485 0.41983179882777283 0.4187732199615012 0.41835248570148376 0.40939989762249246 0.396729330840862 0.3901528464993651 0.3757889378987592 0.37668760885082464 0.3932987374668493 0.40718808143377166 0.4027263751127836 0.389889599556208 0.3808130124805758 0.36829736837367816 0.34324437883800507 0.31662139430643454 0.29355033056866164 0.26453819749126795 0.24762179845053897 0.23021284989964455 0.1900961989218081 0.155134183091441 0.139258401365108 0.1315309884597524 0.12643819331813883 0.10584334576241414 0.08730258248563927 0.0834456886914826 0.07560093757441282 0.06832171868447319 0.06585188848177839 0.055983306147519896 0.055547033170400925 0.0482428064031123 0.04878892702380312 0.04808948054467312 0.04621575268338503 0.04039737743321878 0.03993401237756627 0.040811391581272886 0.05281422608139246 0.03808577259891663 0.03774539307830417 0.033753005372151056 0.041584013753079775 0.041896019118600664 0.035444328923514706 0.029919566198095406 0.03475465331850957 0.03455327802579198 0.02609679277208652 0.029916587336975258 0.03115056891409464 0.02931780801600612 0.028740228836147026 0.02805605076132557 0.027706202283229793 0.032142925192795116 0.03230687759546795 0.03798954333937757 0.03588509971584715 0.04096769677443098 0.041995404492497015 0.033480014302947836 0.033369679857287365 0.030559542358415907 0.035293816803236115 0.027482002766036327 0.024685621720946144 0.033696006934478925 0.03803831530118672 0.022752811070399805 0.04260938662611106 0.042673085850988626 0.036198867128835036 0.02944071496822781 0.02740734864795049 0.028500800178607507 0.03088040498049175 0.026466091969039506 0.033466546918144706 0.03100195748445781 0.02057058331988411 0.02294463841091111 0.02644069688892251 0.03379339362126659 0.028415447353810477 0.03751169164393944 0.027508108397248935 0.02986016772705254 0.032666129518620045 0.02895737257134532 0.028654356453926923 0.033388341668205236 0.036415451799932115 0.029102696350757136 0.03817779311119613 0.03184618183754244 0.026099521665977742 0.033356015515171505 0.026096529826362364 0.02335103813558408 0.03130344100717327 0.03179503624956571 0.03131595466102254 0.033307322340831606 0.028499261605120303 0.03247248058054084 0.03005394120007263 0.026350819771979984 0.03989608339377208 0.038319269655886105 0.035465949605628495 0.03581391070554732 0.03221958490339106 0.033586008039229724 0.02406848305576203 0.026914458147302533 0.03412634231123884 0.03581444381984931 0.03447083821141476 0.035799687602287265 0.029235558924311622 0.030300366665807904 0.028149044640419927 0.03437046630905361 0.0284839401057153 0.028293322754491774 0.029544828705931815 0.030314425331390425 0.04026816453346875 0.034500145985984075 0.028921258515885277 0.02651807993408752 0.033124641631192935 0.03332860808273673 0.029165671956412818 0.027766172896175858 0.0315562256151872 0.024430674202896983 0.03154245604466257 0.02979156964697637 0.02919357301484194 0.027963957798241686 0.027968895890402447 0.0264105338856286 0.03243913537011788 0.025570346264898607 0.023264001843148297 0.031811238979275215 0.02971823706280151 0.0288523386852095 0.03165576232630648 0.027816693969934823 0.032104713432860574 0.03221310093162569 0.0329291782379019 0.03424448191827338 0.03773281366369621 0.034567494726127676 0.02983935523438076 0.026987619678327798 0.02203676037138571 0.026194014725186912 0.032825123906540125 0.03269132126136087 0.024962440143799995 0.03608061594187727 0.031153758121701403 0.02577489118113163 0.02754490622213388 0.027811216741908514 0.02576256168975875 0.032702670893227294 0.040306494550911114 0.027514256543659445 0.030902387555612705 0.02911762981359513 0.025806040254272147 0.03577136593093662 0.027612136340685895 0.031256924619923486 0.03810683446138862 0.03703299175194574 0.038954150112657376 0.03139402845185768 0.033433049959623484 0.0287149254811492 0.035833664458255865 0.03859917905332563 0.031759967867564645 0.02408774990879458 0.02262760940148858 0.03593091313078033 0.041254997481956227 0.04478728785665611 0.041398755782771676 0.040341122082196625 0.057180693728744604 0.07072005829820296 0.05393816268469804 0.057490686683538766 0.06104051408818554 0.06558220540845762 0.06250845353833624 0.0803279587182 0.08934820590025555 0.09092041005752655 0.1005905627230474 0.09767409002683293 0.10411210825063094 0.10372600153129607 0.1136219310188741 0.13597428586729374 0.14614488920062627 0.15822245995269396 0.17746629580118498 0.21852807724082995 0.24229709306041142 0.2628543319678966 0.2918557135860221 0.33170144010980873 0.3941462941205746 0.45159289979303807 0.47471489480911794 0.4968558835973846 0.5462487288347776 0.5774159511858309 0.6174461217297453 0.6609372379499108 0.7108797573397067 0.7479995404770869 0.7873253209352069 0.8020077602337017 0.8135049953737138 0.8196918209042843 0.8123414615693815 0.7951671491928294 0.8058979523214241 0.7890581797332831 0.7920062956895164 0.8098315517213237 0.8237081626850051 0.8248277631023754 0.8000304883974669 0.7749554482940714 0.7524558892116795 0.7179645585677993 0.6796393057969985 0.643502802901633 0.6337285842182063 0.6176230938314047 0.5798607243050065 0.5526123478056133 0.5028698722329065 0.44725919084305377 0.41053421550439767 0.37299578711747994 0.3358748413920111 0.2900477256098918 0.26348871285308634 0.24302882653417174 0.2065822991718489 0.18572503844584856 0.17110607513647497 0.14707319064400678 0.1461891236193636 0.13818741895096975 0.13259425698503488 0.1301694448950941 0.1219260016418055 0.10598088297093443 0.10912548815253163 0.09703449488414041 0.08259771567403029 0.07254131016870456 0.06445015451650747 0.06227082001987767 0.06733957497598654 0.06245754460277538 0.06336708572847022 0.046897386166462184 0.03577836262072414 0.04993589182889735 0.04357494694886455 0.03234040679447243 0.03508826556789385 0.0426629920281704 0.03304354314232502 0.04278364961137538 0.03175153729442591 0.036066188809375906 0.03569488355925077 0.033603900811716714 0.02666606673181612 0.022409702890790792 0.02404182508319136 0.0397145871078405 0.034080069128912586 0.031135490638640653 0.0365421530479082 0.028597838295055772 0.02579295480979509 0.02116840925323905 0.04109519378789813 0.035638227010326824 0.03703898231038588 0.03241292453403203 0.02526164233691202 0.02643448268385866 0.027623006116751614 0.029560347423334493 0.0412833060538474 0.029896820929621648 0.036020618882981324 0.02964526609845823 0.03562610161697223 0.027302748569773078 0.030003478886415 0.037975760458067685 0.02554986306506949 0.027504222290133523 0.030207412142753735 0.027667122637330344 0.03435450037258119 0.03435867618932492 0.03761055135248229 0.029423387997943244 0.03452815876104206 0.038070884891801667 0.03777189344523515 0.026568437006684927 0.03712027168714897 0.03156752259413135 0.03343431934984546 0.02457273606304473 0.0339950909191123 0.03332330128064253 0.040041933313635085 0.03410505686954588 0.026926754988394752 0.026994432470839522 0.03334555997884645 0.03281682543977351 0.030395392614938618 0.021650383879337345 0.021212302161282146 0.028335815013389623 0.03845390098190881 0.02933532578597406 0.03138363896912808 0.01664071761495297 0.027713639578969173 0.025641186962163626 0.025195286726953557 0.033725597703987635 0.03615998494520427 0.03228091018234706 0.02667685088764775 0.03276872403065591 0.02342553471494169 0.02864240861710751 0.028304797450686835 0.024467129902644588 0.027152243142342852 0.033935876432023296 0.03350326559769756 0.0320199192110142 0.029495056837994225 0.03872289496368503 0.028812772486236236 0.03408855179756201 0.025930038828054478 0.026095826138159653 0.04335177999918688 0.0399760638637973 0.02700090926605642 0.021652691728961195 0.020266495475367147 0.025371404519381153 0.03173740000082979 0.029879349110810006 0.03754499144603349 0.031975474252362274 0.03347942861424675 0.03587379621735522 0.032392625252569064 0.03097741643199928 0.033348361128720895 0.025226744922875938 0.03309612937452034 0.033705732352088826 0.02012812903283509 0.019602189084789827 0.030940987307349614 0.030055512781535055 0.0386038937528549 0.033221344556487994 0.03148222228779091 0.029039667922921772 0.030285735694658433 0.03582618128668029 0.02621459670133326 0.027274696385352577 0.02910264366421529 0.031855460427035055 0.03238583896182075 0.03299651360706193 0.030291285577605662 0.03155814553695013 0.02390165676124836 0.02637214480958673 0.03179712729025033 0.03378479249962803 0.02334991372743123 0.027009681431457752 0.04293975149978606 0.02614795185366489 0.0266443272567499 0.029724135307212483 0.02898457002315471 0.025182424492468224 0.03327295766976191 0.028343344204744554 0.026837318496763518 0.03279947867752041 0.028363551671199274 0.03021588169357891 0.03410954121068776 0.031830821337256725 0.030934109125158503 0.031843427214295256 0.03264844083058669 0.027220308324134867 0.03307844079219267 0.03128934962263112 0.03350744135091924 0.03365369222223423 0.02711543886365424 0.027231750326779658 0.03332987704876943 0.02699334084009618 0.02780043910231494 0.03660151868395225 0.04239568235813338 0.03624460134299097 0.027127531648623714 0.03078001993289797 0.037562324825615424 0.03180309157412444 0.027388357939912834 0.028122084190627193 0.027870121854261302 0.02421929709089849 0.03612517283330693 0.03324086787145911 0.02821397341644726 0.033383219011066625 0.032889270182639825 0.031234146325212216 0.03547756257633094 0.02358149782640069 0.03321628135853018 0.03757692294478292 0.02600757978316034 0.0253210474542669 0.021276257720636623 0.029092234443414376 0.03534927001855353 0.03270398608159117 0.032764213174064624 0.028886578270193624 0.030917031237953904 0.031640914283556976 0.03036265847797588 0.020581650418457324 0.02612314137165349 0.031174839771547207 0.02844136855827491 0.023362230163476078 0.024428260862527876 0.03415751781356243 0.03724967481937583 0.030486459732369145 0.03529156786763891 0.035623024075077746 0.03756419866763373 0.029845996754614787 0.04155013565453282 0.03308229420199288 0.030800457375750115 0.03502467891076327 0.03052935974395056 0.033176958442809185 0.03607476318165167 0.037110689999624656 0.032006208774180755 0.03929294429503087 0.036133484817762775 0.02744118735239501 0.028374322560845024 0.027884101802480545 0.04341630704595113 0.0382707734766653 0.03643823676270777 0.03138953714635333 0.029793016137746483 0.030756800917887527 0.033565787583740674 0.038551952120879314 0.02891204623936401 0.02348782004016028 0.027967015451183016 0.02886982304799181 0.03042227382323117 0.03535015772168132 0.04055238739405449 0.03086217708016943 0.03522646775732997 0.03606833892967716 0.032698146838566026 0.035785135450029634 0.033667455006707245 0.02508455773753506 0.028355325314032273 0.027643529027214005 0.028734126908474187 0.033757805617670236 0.026956917638172203 0.0256096034607275 0.027787511234911515 0.026403425486125988 0.02916884166780409 0.027247518815361277 0.0283413649525348 0.0392558445500408 0.034728698801938206 0.027440181096527703 0.024251689416957253 0.02732435589449552 0.02954576859031881 0.031180245120071483 0.027991937487531197 0.02846732986082396 0.0252936070875364 0.027122001352128944 0.03060413901862295 0.02991481851166688 0.03390612789932076 0.03329634048352995 0.03195626648286246 0.02843712096012649 0.029606061809552303 0.028241663898481678 0.02440922411968559 0.030570063534474657 0.037442251628128684 0.02804571372787568 0.02057305604308737 0.02506176648034046 0.02619706618626568 0.030229789490083106 0.0331641555784599 0.02740447493437397 0.025263884654442525 0.029361214688653943 0.02944170796665921 0.035038494563821215 0.04200660979871346 0.03978539434392148 0.03633714148916046 0.03363545753726737 0.029863107049035068 0.028810727141068204 0.033316784549403775 0.03083265854340437 0.029501053883707776 0.03306419099757915 0.03935765615970202 0.032743979631216634 0.021469070995654604 0.025853990416656276 0.02986920286914375 0.022413871991091575 0.02956341170346033 0.023921009126779642 0.02644990941866176 0.033324419093587514 0.03822128519351209 0.03232978113815902 0.02712004860805929 0.02787420545432789 0.035808485673153215 0.02827875066389658 0.030612740141631286 0.024111567192270998 0.02711029007150389 0.03934256515163056 0.04029518437311541 0.0273666777516708 0.03121389977468525 0.02564857800587076 0.029655780745599034 0.03308618713511514 0.027184234047525763 0.023473333635192533 0.03212478247651917 0.03711783184109945 0.02297582710265725 0.03625161114517496 0.03567321021460469 0.03300407581979973 0.02230886392442016 0.02548315909000215 0.03400952468935767 0.035500505173662385 0.030209384980709016 0.03068320539631572 0.039229949097696226 0.0380258545698548 0.0292076449872788 0.03193578268415856 0.028930043688589216 0.02165069942649196 0.033888083821303996 0.028505232352036645 0.03376874753234543 0.03365890661157205 0.03566224163783521 0.02818096971763063 0.029420021157869458 0.027588891050203908 0.03352466987840362 0.03608973656869485 0.02612230658009436 0.034905408425113985 0.042268310436845785 0.04547706199249068 0.02865694737232239 0.02246525473043857 0.027208616837951144 0.03111539486706067 0.024591069344619437 0.028752637426926585 0.03143081968816531 0.028448838642038586 0.025271440225447625 0.0367645180658369 0.04169814867333429 0.031623613394349825 0.039469890656731184 0.033925960312123166 0.030404855108954493 0.026225854740878574 0.033606997941823806 0.03697907736638551 0.02556776216118734 0.03263060754658291 0.036421113510925245 0.03133700378929707 0.031540792116286034 0.03767422402756783 0.037624985011284674 0.03345399360922765 0.044901777899159195 0.03615970227566976 0.02778503205164808 0.043176905137161686 0.051194078521292416 0.05314197331875338 0.05250084005222385 0.0504473983473701 0.04887575978901769 0.06119873329800547 0.07310009681800739 0.07666822497092624 0.07783821033177896 0.07151674723851399 0.0792736989279257 0.09681802876064538 0.10072395714088203 0.11031364882425669 0.11938958699747694 0.12901104546292227 0.14369025672139177 0.14104745265792393 0.16151926615168305 0.18063474261810133 0.19696609648003596 0.20746539980217216 0.21484331717761987 0.24190195720190577 0.26252113298084256 0.2994771023504517 0.34368304510315517 0.4130525391298205 0.48360593814080355 0.5449577228535 0.6243920968159351 0.6951635259321605 0.7566125566544807 0.8017433179417213 0.8225115862696741 0.8458449539120363 0.8505643105175669 0.8535730543755825 0.8746916867864418 0.8958162828070052 0.920508260009294 0.9260378290466652 0.9193884228751182 0.9128456090556095 0.8981300978402864 0.878972548634548 0.8660220831045521 0.8462584415238766 0.846653444746183 0.8561959290935348 0.8735531485130172 0.8649018635107729 0.8387253627147292 0.8010753963988807 0.748920193219396 0.6900748363616537 0.6295981591007558 0.5701304630874332 0.4957444084926168 0.43060770288681677 0.36703816981786747 0.32825781390922715 0.29078731031074634 0.24916206970397814 0.22234091180076218 0.20168437689072982 0.18455246818156268 0.1687873823373612 0.14980603639801476 0.14652532157701859 0.13875665977118934 0.12150388620891953 0.10505352152702817 0.11140095939762806 0.10857392983720703 0.09375736960774467 0.08142423788175901 0.07313525047287228 0.06841484498153297 0.06933509815650028 0.07161210122045632 0.060749761992325554 0.06202196845427336 0.06291813435516319 0.060949841864614704 0.059537132035190114 0.050379227325516654 0.04827573726100351 0.04824322682169568 0.04371377388943008 0.03284867194449748 0.04287498731658867 0.038378780440017295 0.03568920894868628 0.031645306781679455 0.03396047596993533 0.04702241051927034 0.04089792863604917 0.027718998679499098 0.025601541639422066 0.02564256114205522 0.02753452983514514 0.03918385296121313 0.03633600398501577 0.036736005652308 0.02730132809593441 0.025430941179959532 0.03222171559684885 0.02984040109708292 0.029992721281068724 0.03191558251690922 0.030172974835212862 0.02878070931893306 0.033980794938240716 0.03391389364035499 0.02889809896653291 0.02895318391947771 0.03524746462607099 0.0329444407644889 0.04081567265200333 0.03924316632967246 0.03114368419305099 0.026978144076034112 0.03696354543610951 0.025559562165369174 0.035219241543632866 0.036111160197749646 0.03475577062324004 0.02829062010972721 0.029966201238224122 0.028115212678197738 0.024729350272542427 0.033701912090993665 0.03216080453328396 0.02732285038318066 0.031487923406634664 0.03555672122076576 0.04008620782020119 0.036713575879257915 0.03786779371290993 0.03290620285604523 0.033560777158215545 0.034596132163614055 0.023177116713751826 0.02755928077815252 0.03332351165302133 0.03262113189843252 0.03410593099403747 0.03430701690220111 0.030835249404198878 0.027239128311626757 0.030199580344217714 0.02766488004212857 0.02814621042279706 0.026029523101502732 0.023361224089985033 0.026338503338696948 0.03814995125240876 0.03589772545584341 0.033314785772019746 0.035623872438598415 0.03351883053852644 0.03341933978798496 0.026624876377444522 0.028844224294958167 0.03128685735030263 0.024474113517672518 0.033127969284305614 0.03658685470287641 0.0395396132953062 0.0303606200537082 0.030826904827768304 0.03270399901144608 0.03692282827534757 0.026630459068610488 0.02882748862755068 0.028858539661325726 0.027070901477723907 0.026837292035545236 0.02854915804977154 0.02629344640788266 0.025833309992756546 0.034803149200543684 0.028394917622949226 0.02790342156556692 0.03248684236752637 0.037745840357468 0.037810203481323794 0.03214237953670395 0.02403787962803422 0.029783606642375 0.035219793804452046 0.03806303283277658 0.04157255218192501 0.03742929121192171 0.029415470817150225 0.028853660171537534 0.02672353822182604 0.023126292777890214 0.02947348826011208 0.023603447323362458 0.02687574036075735 0.03372322382092042 0.026871919734319398 0.03219804277259172 0.043873511293475845 0.04607585419294539 0.03380749188359288 0.028998254183608838 0.03909413420627709 0.03378477922605201 0.03591609130586516 0.043413427310533236 0.04891591106605105 0.04680115028802228 0.04099649167947503 0.050398888699895346 0.050671702754573916 0.05192261031997815 0.06576083500499655 0.08257001902738134 0.08633732555977 0.10484368957274053 0.12237919495692366 0.11431880077692784 0.1363106672714539 0.15591844381983358 0.17868141704264856 0.19146107720830072 0.2039903389616118 0.2196948862710851 0.25192505118398306 0.2847781382694919 0.29982052632429096 0.30852118170973736 0.32584168214157383 0.34322930120793105 0.3599612136625003 0.3716899353139197 0.3683447666364711 0.3641008408873988 0.35571968815489946 0.3679998892180133 0.3636836705942433 0.3479541356171618 0.36361375823332487 0.37157781848331 0.3710186125825645 0.3594387460162454 0.34653615306066426 0.3289848840740837 0.3210531813522522 0.3058055063652488 0.291374929993929 0.2917954015088988 0.2804463734529188 0.2536550521065398 0.23575612762862344 0.21825443405252487 0.21629610443057304 0.18781945908769274 0.16884443999781798 0.13844165668643818 0.11112888254566389 0.10382983871326407 0.08466189494113721 0.08422326181751645 0.08655789442452275 0.06761492049275168 0.0660825528052792 0.06662908693440336 0.07036290401745232 0.056999288964129584 0.0613702283538322 0.06638558189350517 0.06728898825579469 0.05530989272118732 0.036428393020606485 0.041483878726115114 0.04487079305441373 0.04499366668319738 0.03815354170149077 0.04929245726675253 0.042757682662325595 0.024612867832854393 0.030677260921553907 0.035569148889430365 0.03354333135355058 0.028417761731758844 0.030910482473312333 0.024920026665489994 0.030577092914508806 0.036795627664217734 0.03533392175905332 0.02852883881235386 0.023322808643593287 0.02546924447949934 0.03500175559216918 0.028919641156666745 0.027784591329952063 0.028682309964420012 0.03528282870291601 0.03402958061996619 0.03733763841223745 0.041974802744578356 0.0305232970008141 0.034783810085514524 0.0266232323920331 0.039056244528351554 0.041984488374263086 0.04017842578103458 0.02786419734660019 0.022252102471456082 0.04240465808150343 0.04572514450310153 0.03245021533876359 0.0311282178018683 0.025106040901839183 0.037849920657358156 0.04209879457332611 0.03117800265032781 0.02819780363609048 0.028627704804586054 0.035928413739726404 0.03475814464658275 0.038681993712402926 0.04291032452288569 0.04364869353229654 0.041720486597406715 0.04599440703974076 0.04895810093913326 0.053680091888261894 0.055891423414548114 0.06544281974501402 0.059434603218470106 0.047086944257178125 0.053744428826175514 0.06741969310451154 0.07240994669593094 0.07925191986206345 0.07375067313398409 0.09796502582862514 0.1206402172931801 0.1051331474492034 0.10582212614304252 0.11809685111732883 0.12578965574314105 0.1565047160124644 0.18355212328768533 0.19561281942586795 0.22563204919263322 0.2702497005890687 0.31233486499954555 0.3647605235685664 0.4336158514589468 0.5140652713228103 0.5623518947527715 0.5888214696972777 0.5877651522206373 0.5620021517526317 0.5359255998706905 0.5093857535101498 0.5183529696028251 0.5446464696254348 0.57249062687139 0.6120123302676422 0.6464989429111467 0.6402556085757136 0.6133862141462858 0.5651435031286591 0.524939979078718 0.5049790085864584 0.51982013796802 0.5291165085240919 0.571586090653742 0.5889438237458091 0.5785121636193965 0.5421701651496621 0.48074938682123136 0.43077648222094955 0.36758517796681384 0.2983645623200796 0.2554393944007225 0.21800174900421068 0.1918306651639189 0.15662150716993162 0.12510545802355988 0.12232309069046655 0.12766546699322884 0.10990048394821726 0.10949466300265485 0.10584687662943396 0.087723455804053 0.07664582147965458 0.0640316618452828 0.06568266910745323 0.059069486192710026 0.0625660636458098 0.058005546412555176 0.053462066840192585 0.05575115027936415 0.05793316128021449 0.06679198193774688 0.05822814151150317 0.05396198685777952 0.05452717081257026 0.05266398399709573 0.04875882974357794 0.0293186630527867 0.032267476014161245 0.03544567034564603 0.039889744484714905 0.04872422833954791 0.04218061611948943 0.034839322235088316 0.03376226381698945 0.025744300430922837 0.03224960305834199 0.03337809000526487 0.026225703077531064 0.028217892509698125 0.03084415308707353 0.03130557169677965 0.03317428862228307 0.03213579679434897 0.027653964626682803 0.03379637896278275 0.027121317666223946 0.028099674192273473 0.02704955675035092 0.031680171369075 0.03176786532350212 0.023987805345196504 0.03359370168404534 0.027324198566661385 0.035009423196221655 0.027977694243564923 0.023471775194712552 0.0353388999610766 0.0362820896996935 0.02599188356436005 0.030026875470815364 0.025099899289824673 0.026384553162862822 0.030299649538294067 0.032994521439324985 0.02619876921624239 0.023588948019196955 0.022067067950474573 0.0269237036610857 0.027045657274516993 0.035329654808282734 0.022445165901538982 0.027370254980339268 0.02990680912508158 0.023928314618571363 0.01824192066740239 0.027453352461059493 0.03262803644018005 0.032941402656599214 0.03063367702452401 0.025942960283112278 0.026805406434645834 0.03404939309687817 0.02639377856059014 0.02699698336074891 0.025785293966543374 0.029004112936456983 0.02666120730362722 0.026692941476630996 0.0194952742985306 0.020321041112710183 0.031002436793554217 0.028159191088826686 0.03264513320281216 0.03387239409534814 0.03355768639054083 0.033451028242267186 0.040214381928193974 0.03399281561025188 0.03374068901082429 0.028439468066477933 0.03514084584305511 0.041746723946409214 0.040826114512577366 0.03297954174439646 0.03809602432447411 0.03634547985166841 0.03416942665593043 0.033583805316691674 0.02781914690154799 0.03509745241635424 0.02341392830488063 0.025734950086985873 0.03226925153835071 0.03887297273010392 0.038833708889368816 0.039152519906453784 0.03401383168562359 0.04063795712117363 0.03990304044007941 0.028713998339888802 0.03700645841300488 0.03679507524523512 0.030746003747929067 0.03929740317008519 0.03161823453805059 0.03191142632473185 0.03690672458380114 0.037392709961182206 0.04927301883785204 0.05605047768264413 0.045235193527690724 0.04526573737758955 0.05047164286855017 0.05456083182150108 0.05349656306685376 0.05702803132773339 0.05833389205758305 0.07095082687420279 0.09025574271640593 0.08674446202512295 0.08209542192269804 0.08571701071334117 0.11292176702461049 0.12221054043023646 0.13551017786887526 0.17667978578978588 0.19290383671467348 0.21427501605577898 0.25848586217604735 0.26921272903737425 0.268544221084862 0.27353833256424165 0.31024602708629667 0.3433714156016294 0.35988060200555005 0.3711519359031686 0.39867739460690843 0.44789285277191865 0.4959605068763854 0.5269634798371724 0.5484115683189126 0.5477805489508499 0.5647735546747484 0.591753970583268 0.6038529228871082 0.603377176434093 0.6096554345856895 0.6178591093195668 0.6248224131252416 0.6341426236024427 0.6269762818010935 0.6008197412112204 0.5889584348679713 0.571528717443774 0.5638962026733725 0.5467108570152286 0.5325836806326201 0.5062676646772031 0.47514809650632006 0.4615613038257314 0.45702001878898446 0.4389992306223378 0.41328450459321514 0.39014943295978316 0.35601497141205873 0.31027070552269215 0.2761909464779172 0.2662555201026878 0.23451357716036622 0.20960191838495365 0.1923986107630036 0.17972037510003513 0.1665320009574091 0.15400183655206906 0.13187770691795517 0.11925267319954723 0.10921625917948881 0.09721503116461797 0.1023326115988222 0.0922025057878022 0.09068473477398188 0.08215378832443666 0.07779724421602349 0.07836084988444689 0.06411022187298861 0.07667262363709874 0.06806945464232295 0.06336035205929585 0.06187987350426455 0.04563962068514441 0.043741365172551776 0.04756054759153022 0.05414485781434076 0.047043282327516846 0.028587415721149784 0.04045911708973193 0.041248625274995517 0.040609372660171825 0.045251520712036225 0.03459050950014146 0.030775397050001582 0.02608060328634461 0.031187077172888808 0.03510909137870376 0.03575282236345336 0.036928082413437646 0.03805068390312136 0.04321895641295565 0.03990012771261926 0.027227061801187807 0.02628689073046667 0.029506354134996422 0.03326070687601286 0.030266547039625755 0.0296214686841907 0.02937183440178685 0.03497076461548207 0.031157828458940263 0.030185126885829437 0.028259536492832797 0.03133055268464981 0.03758044069304558 0.033410692492232996 0.024723681844719254 0.03269366182785997 0.03136532526796463 0.03687602923507072 0.0331263845192489 0.03026950642865263 0.02898459589810038 0.030040539946887948 0.02936782314606614 0.03080451447507735 0.028525097432645235 0.031239775243604537 0.03318182411013522 0.036482497808554754 0.03509257331619587 0.02712569677027232 0.02675681174739644 0.035380261017599085 0.029250327872515542 0.021135057107437107 0.023027558313161965 0.031058278447011478 0.028072049575518815 0.028495644845640006 0.030309612163553663 0.034465103951052574 0.030284795297445263 0.03191560209805684 0.025822012695265305 0.0260885071895842 0.03010154295347553 0.029753864282745665 0.02415878751911151 0.030394866271607066 0.029185366167973466 0.034102354304953675 0.040931451774477365 0.033178016759895346 0.028552136851874327 0.030776403315199742 0.03139351583567088 0.028255703067456152 0.02818243617339847 0.02912078597430187 0.03511986259034047 0.030525539180873175 0.027400200742974574 0.030533633953096842 0.048497248006098996 0.04219505022213699 0.03969149302231373 0.022904427947410086 0.030341248138002132 0.03202610085847981 0.03308769957833101 0.02921141929280709 0.04348351155378193 0.03427422394935484 0.03470407937225515 0.029497601690567584 0.03380217212246342 0.03267582852082731 0.036399117671042966 0.04106353803141149 0.034670878386375906 0.03426194043715239 0.031023709854486447 0.034080390924824684 0.031458628406160566 0.03535620708426696 0.03270332853772541 0.02943882782779988 0.025233866580107386 0.033785686582008534 0.04216683308713116 0.03106433467113249 0.0271893500091268 0.03146620367822635 0.03743434818543543 0.03363959376880153 0.039041626681602035 0.03156020364436741 0.031619608974813175 0.02757783104459728 0.02392859099340358 0.031398625113566475 0.02242928540453919 0.026141369575611487 0.02833396095490012 0.03313620218587983 0.029480077468384193 0.02327594989047945 0.03732808422004719 0.03201785453983627 0.02879164435369902 0.026521124420406363 0.027556657129077525 0.030693121536139147 0.025609721926520158
